7 85 128
00000000000000000000000000000000000000000000000000010000000000000000000000000000000000000000000000000000000000000000000000000000
00000000000000000000000000000000000000000000000000101000000000000000000000000000000000000000000000000000000000000000000000000000
00000000000000000001100000000000000000000000000000101000000000000000000000000000000000000000000000000000000000000000000000000000
00000000000000000010010000000000000000000000000000010000000000000000000000000000000000000000000000000000000000000000000000000000
00000000000000000001100000000000000000000000000000000000000000000000000000000000000000000000000000000000000000000000000000000000
00000000000000000000000000000000000000000000000000000000000000000000000000000000000000000000000000000000000000000000000000000000
00000000000000000000000000000000000000000000000000000000000000000000000000000000000000000000000000000000000000000000000000000000
00000000000000000000000000000000000000000000000000000000000000000000000000000000000000000000000000000000000000000000000000000000
00000000000000000000000000000000000000000000000000000000000000000000000000000000000000000000000000000000000000000000000000000000
00000000000000000000000001100000000000000000000000000000000000000000000000000000000000000000000000000000000000000000000000000000
00000000000000000000000001100000000000000000000000000000000000000000000110000000000000000000000000000000000000000000000000000000
00000000000000000000000000000000000000011000000000000000000000000000000110000000000000000000000000000000000000000000000000000000
00000000000000000000000000000000000000100100000000000000000000000000000000000000000000000000000000000000000000000000000000000000
00000000000000000000000000000000000000100100000000000000000000000000000000000000000000000000000000000000000000000000000000000000
00000000000000000000000000000000000000101000000000000001100000000000000000000000000000000000000000000000000000000000000000000000
00000000000000000000000000000000000000001110000000000001100000000000000000000000000000000000000000000000000000000000000000000000
00000000000000000000000000000000000000000111110100000000000000000000000000000000000000000000000000000000000000000000000000000000
00000000000000000000000000000000000000000101000010000000000000000000000000000000000000000000000000000000000000000000000000000000
00000000000000000000000000000000000000000000110100000000000000000000000000000000000000000000000000000000000000000000000000000000
00000000000000000000000000000000000001000000001000000000000000000000000000000000000000000000000000000000000000000000000000000000
00000000000000000000000000000000000010000000000000000000000000000000000000000000000000000000000000000000000000000000000000000000
00000000000000000000000000000000000011000000000000000000000000000000000000000000000000000000000000000000000000000000000000000000
00000000011000000000000000000000000001000000000000000000000000000000000000000000111000000000000000000000000000000000000000000000
00000000011000000000000000000000000000000000000000000000000000000000000000000001000000000000000000000000000000000000000000000000
00000000000000000000000000000000000000000000000000000001110000000000000000000100000100000000000000000000000000000000000000000000
00000000000000000000000000000000000000000100000000000000000000000000000000001000101000000000000000000000000000000000000000000000
00000000000000000000000000000000000000010001000000000000000000000000000000001000111100000000000000000000000000000000000000000000
00000000000000000000000000000000000000000001000000000000000000000000000000001110000110000000001100000000000000000000000000000000
00000000000000000000000000000000000000101000100000000000000000000000000000000000000110000000010010000000000000000000000000000000
00000000000000000000000000000000000000100011000000000000000000000000000000000011100000000000001100000000000000000000000000000000
00000000000000000000000000000000000000011011000000000000000000000000000001100000000000000000000000000000000000000000000000000000
00000000000000000000000000000000000000011000000000000000000000000000000001100000000000000000000000000000000000000000000000000000
00000000000000000000000000000000000000000000000000000000000000000000000001100000001000000000000000000000000000000000000000000000
00000000000000000111000000000000000000000000000001100000000000000000000000101000000100000000000000000000000000000000000000000000
00000000000000000000000000000000000000000000000001100000000000000000000000011100001101000000000000000000000000000000000000000000
00000000000000000000000000000000000000000000000000000000000000000000000000000001001011111111000000000000000000000000000000000000
00000000000000000000000000000000000000000000000000000000000000000000000000000000000100011110000000000000000000000000000000000000
00000000000000000000000000000000000000000000000000000000000000000000000000000001000011000110000000000000000000000000000000000000
00000000000000000000000000000000000000000000000000000000000000000000000000001011000001111000000000000000000000000000000000000000
00000000000000000000000000000000000000000000000000000000000000000000000000001100000000010000000000000000000000000000000000000000
00000000000000000000000000000000000000000000000000000000000000000000000000000000000000010000000000000000000000000000000000000000
00000000000000000000000000000000000000000000000000000000000000000000000000000000000000000000000000000000000000000000000000000000
00000000000000000000000000000000000000000000000000000000000000000000000000000000000000000000000000000000000000000000000000000000
00000000000000000000000000000000000000000000000000000000000000000000000000000000000000000000000000000000000000000000000000000000
00000000000000000000000000000000000000000000000000000000000000000000000000000000000000000000000000000000000000000000000000000000
00000000000000000000000000000000000001000000000000000000000000000000000000000000000000000000000000000000000000000000000000000000
00000000000000000000000000000000000001000000000000000000000000000000000000000000000000000000000000000000000000000000000000000000
00000000000000000000000000000000000001000000000000000000000000000000000000000000000000000000000000000000000000000000000000000000
00000000000000000000000000000000000000000000000000000000000000000000000000000000000000000000000000000000000000000000000000000000
00000000000000000000000000000000000000000000000000000100000000000000000000000000000000000000000000000000000000000000000000000000
00000000000000000000000000000000000000000000000000000100000000000000000000000000000000000000000000000000000000000000000000000000
00000000000000000000000000000000000000000000000000000100000000000000000000000000000000000000000000000000000000000000000000000000
00000000000000000000000000000000000001000011000000000000000000000000000000000000000000000000000000000000000000000000000000000000
00000000000000000000000000000000000010100011000000000000000000000000000000000000000000000000000000000000000000000000000000000000
00000000000000000000000000000000000010010000000000000000000000000000000000000000000000000000000000000000000000000000000000000000
00000000000000000000000000000000000001100000000000000000000000000000000000000000000000000000000000000000000000000000000000000000
00000000000000000000000000000000000000000000000000000000000000000000000000000000000000000000000000000000000000000000000000000000
00000000000000000000000000000000000000000000000000000000000000000000000000000000000000000000000000000000000000000000000000000000
00000000000000000000000000000000000000000000000000000000000000000000000000000000000000000000000000000000000000000000000000000000
00000000000000000000000000000000000000000000000000000000000000000000000000000000000000000000000000000000000000000000000000000000
00000000000000000000000000000000000000000000000000000000000000000000000000000000000000000000000000000000000000000000000000000000
00000000000000000000000000000001100000000000000000000000000000000000000000000000000000011000000000000000000000000000000000000000
00000000000000000000000000000001100000000000000000000000000000000000000000000000000000011000000000000000000000000000000000000000
00000000000000000000000000000000000000000000000000000000000000000000000000000000000000000000000000000000000000000000000000000000
00000000000000000000000000000000000000000000110000000000000000000000000000000000000000000000000000000000000000000000000000000000
00000000000000000000000000000000000000000001001000000000000000000000000000000000000000000000000000000000000000000000000000000000
00000000000000000000000000000000000000000001010000000000000000000000000000000000000000000000000000000000000000000000000000000000
00000000000000000000000000000000000000000000100000000000000000000000000000000000000000000000000000000000000000000000000000000000
00000000000000000000000000000000000000000000000000000000000000000000000000000000000000000000000000000000000000000000000000000000
00000000000000000000000000000000000000000000100000000000000000000000000000000000000000000000000000000000000000000000000000000000
00000000000000000000000000000000000000000001010000000000000000000000000000000000000000000000000000000000000000000000000000000000
00000000000000000000000000010000000000000001001000000000000000000000000000100000000000000000000000000000000000000000000000000000
00000000000000000000000000101000000000000000110000000000000000000000000000100000000000000000000000000000000000000000000000000000
00000000000000000000000000110000000000000000000000000000000000000000000000100000000000000000000000000000000000000000000000000000
00000000000000000000000000000000000000000000000000000000000000000000000000000000000000000000000000000000000000000000000000000000
00000000000000000000000000000000000000001100000000000000000000000000000000000000000000000000000000000000000000000000000000000000
00000000000000000000000000000000000000001100000000000000000000000000000000000000000000000000000000000000000000000000000000000000
00000000000000000000000000000000000000000000000000000000000000000000000000000000000000000000000000000000000000000000000000000000
00000000000000000000000000000000000000000000000000000000000000000000000000000000000000000000000000000000000000000000000000000000
00000000000000000000000000000000000000000000000000000000000000000000000000000000000000000000000000000000000000000000000000000000
00000000000000000000000000000000000000000000000000000000000000000000000000000000000000000000000000000000000000000000000000000000
00000000000000000000000000000000000000000000000000000000000000000000000000000000000000000000000000000000000000000000000000000000
00000000000000000000000000000000000000000000000000000000000000000000000000000000000000000000000000000000000000000000000000000000
00000000000000000000001100000000000000000000000000000000000000001100000000000000000000000000000000000000000000000000000000000000
00000000000000000000001100000000000000000000000000000000000000001100000000000000000000000000000000000000000000000000000000000000
