10 60 90
000000000000000000000100000000000110000000000000000000000000000000000000011000000000000000
000000000000000000001010000000000110000000000000000000000000000000000000011000000000000000
000000000000000000000101000000000000000000000000000000000000000001000000000000000000000000
000000000000000000000011000000000000000000000000000000000000000001000000000000000000000000
000000000000000000000000000000000000000000000000000000011000000001000000000000000000000000
000000000000111000000000000000000000000000000000000000011000000000000000000000000000000000
001100000000000000000000000000000000000000000000000000000000011100000000000000000000000000
010010000010000000000011000000000011000000000000000000000000000000000000000000000000000000
010010000010000000000011000000000011000000000000000000000000000000000000000000000000000000
001100000010000000000000000000000000000000000000000001000000000000000111000000000000000000
000000000000000000000000000000000000000000000000000010100000000000000000000000000000000011
000000000000000000000000000000000000000000000000000010100000000000010000000000000000000011
000000000000000000000000000000000000000000000001110001000000000000010000000000000000000000
000000000000000000000000000000000000000000000010011000000000000000010000000000000000000000
000000000000000000000000000000000000000000000010000000000000000000000000000001100000000000
000000000000000000000000000000000000000000000001110011010100000000000000000001100000000000
000000000000000000000000000000000000000000000000000000100100000000000000000000000000000011
000000000000000000000000001000000000000000000000001001000100000000000000000000000000000011
000000000000000000000000001000000000000000000000011010100000000000000000000000000110000000
000000000000000000000000001000000000000000000000110000000110000000000000000000000110000000
000000000000000000000000000000000000000000000001000000000001000000000000000000000000000000
000000000000000000000000000000000000000000000001001000011000000000000000000000000000000000
000000000000000000000000000000000000000000001110000000011110011000000000000000000000000010
000000000000000000000000000000000000000000001111000000000010001000000000000000000000000010
000000000000000000000000000000000000000000000001110000000000111000000000000000000000000010
000000000000000000000000000000000000000000000000000000000000000000000000000000000000000010
000000000000000000000000000000000000000000000000000000000000000000000000000000000000000010
000000001000000000000000000000000000000000000000000000000000000000000000000000000000000000
000000010100000000001000000000000000000000000000000000000000000000000011000000000000000000
000000010010000000010100000110000000000000000000000000000000000000000011000000000010000000
000000001100000000010100000110000000000000000000000000000000000000000000000001110010000000
000000000000000000001000000000000000000000000000000000000000000000000000000001110000000000
000000000000000000000000000000000000000000000000000000000000000000000000000100100100000000
000000000000000110000000010000000000000000000000100100000000000000000000000110101100000000
000000000000001001000000101000000000000000000110100110000001100000000000000010110000000000
000000000000000110000000011000000000000000000110100001000010010000000000000001000000000000
000000000000000000000000000000000000110000000110000000000001100000011000000000000000000000
000000000000000000000000000000000000110000000001000011000000000000100100000000000000011000
000000000000000000000000000000000000000000000001101100000000000000011000000000000000011000
000000000000000000000000000000000000000000000000000000000000000000000000000000000000000000
000000000000000000000000000000000000000000000000000000000000000000000000000000000000000000
000000000000000000000000000000000000000000000000000000000000000000000000000000000000000000
000000000000000000000000000000000000000000000000000000000000000000000000000000000000000000
000000000110000000000000000000001100000000000000000000000000000000000000000000011000000000
000000001100001000000000000000001100000000000000001000000000000000000000000000011000000000
000000011000110000000000000000000000001000000000010100000000000000011000000000000000000000
000000001100011000000000000000000000001000000000010100000000000000011000000000000000000000
000000000100001000000000000000000000001000000000001000000000000000000000000000000000000000
000000000000000000110000000000000000000000000000000000000000000000000000000000000000000000
000000000000000000010000000000000000000000000000000000110000000000000000000110000000000000
000001100000000000000000000000000000000000000000000001001000000000000000000110000000000000
000010010000000000000000000000000000000000000000000000110000000000000000000000000000000000
000010010000000000000000000000000000000000000000000000000000000000000000000000000000000000
000001100000000000000000000000000000000000000000000000000000000000000000000000000000000100
000000000000000000000001100000000000000000000000000000000000000000000000000000000000001010
000000000000000000000010010000000000000000000000000000000000000000000000000000000000001010
000000000000000000000000010000000011100000000000000000000000000000000000000000000000000100
000000010000000000000000100000000000000000000000000000000000000000000000000000000000000000
000000101000000000001000000000000000000000000000000000000000000000000000000000000000000000
000000010000000000000110000000000000000000000000000000000000000000000000000000000000000000
