4 150 225
000000000000000000000000001000000000000000000000000000000000111000000100000000000000000000000000000000000000000000000000000000000000000000000000000000000000000000011110000000000000000000000000000000000000000000000000000000000
000000000000000000000000010110010000000000000000000000000001001000000100000000000000000000000000000000000000000000000000000000000000001000000000000000000000000000000001000001000000000000000000000000000000000000111000000000000
000000000000000000000000100101110000000000000000000000000001100000000000000000000000000000010000000000000000000000000000000000000000010100000110000000000000000000100000100001001010000000000000000000000000000000010110000000000
000000000000000000000000010011010000000000000000000000000000000000000000000000000000000000010000011111000000000000000000000000000000011000000000000000010001110000001000000010000001110000000000000000000000000000000001000000000
000000000000000000000000001000100000000000000000000000000000000001000100010000000000000000110000011100000000000000000000000000000000000000000000000001110000000000001011000000001000001000000100000000000000000000010000000000000
000000110000000000000000001001100000000000000000001110000000000001000100010000000000000001111001000001100000000000000000000000000000000000010100000010011000000100011000000000000000000100000110000000000000000000011000100000000
000000100010000000000000000011000000000000000000010111000000000000001010000000000000000010001000011111011000000000000000000000010000000000010000000000000000000100001000000000000011001000000000000000000000000000100100100000000
011000100010000000000000000000000000000000000001000001000001100000000100000000000000000010001000000000100000000000000000000000010000000000010001010000101100000100000100000000000000110000000110100000000000000001110010100000000
100100001001000000001110000000000000000000000011111110000001100000001010000000000000000000000010010000100100000000001100000000010000000000001000010001100100000000000000000001000000000000000111000000000000100001110001100000111
100100000111000000000000110000000000000000000101000000000000000000001010000000000000000001100000010010000100000000011000000000000000110010001001010000000000010100000000000010010000000000000110110000000011100000000000110000000
011000000000000000000001001000000000000000000101000000000000000000000100000000000000000000011000010001100000000000011001100000000000110001000011001000001000010010000000000010010000010111000010100000000011100000000000110000000
000000001001000000000001010000000000000000000011000000000000000000000000000000000110000000000001000010001000000000110110010000000000110000000011000100010000110010000000000000001001110111000001000000000110000000000000000000000
000000001001000000000000000011000000000110000001000000000000000000000000000000011101000000000000000001100000000001100001110000000000010001010110000011100000110000000000000011111000000000000000000000000110000000000000000000000
000000001110000000000000000011000000001110000000000000000000000000000000000000100001100000000000000000000000000000000000100000010100000001011000000000001100110010000000000011100000000110100000000000000100001000000000000000000
000011000000000000000000000010000000111000000000000000000100000000000000000000100100000000000000000000000000000001000101110000010100000010001000000000001110101011000000000000000000000011100000100010100100000100000000000000000
000011000000000000000000010100000000110000000000000000001000010000000000000000010100000000000000000000000000000000000000110110001000000000000000000000000110000000000000000000000000000000000011110100010010010000000000000000000
000000000000000000000000001100000110000000000000000000010000001000100000000000100000000000000000000000000000000100000111100110000000000110000001000000000000000000000000000000000000000000000100011000100000000000000000000000000
000000000000000000000000000000001010000000000000000000011000010001110000000000100110000000000000000000110000011100000001001010000000001100000010100000000000000000000000000000000000000000001000000000000000000000000001100000000
000000000000000000000000000000001010000000000000000000110010110001010000000000100000000000000000000000110000100000000000001100000000000010001100010000000000000000000000000000000000000000001000000001000000000000000001100000000
010000000000000000000000000000000000000000000000000000100100000101100000000000000010001100000000000000000001110000100000010010000000000000000101000000000000000000000000000000000000000000010000000010001000011100000000000000000
101000000000011000000000000000001010010000000000000000010000001011000000000000001011010100000000000000000000100000100000010010000000000000001111110000000000000000000000000000000000000000010001100000110110000110000000000000000
110000000000011000000000000000111110010000000000000000000000000111000000000000000001010010000000000000000000011110000000001100000000000000001100110000000011000000000000000000000000000000001110000000100010000111000000001000000
000001000001011000000000000000111000000000001010000000000000000000000000000000010001011100000000000000000000000110000000000000000011000100000100000000000011011000000000000000000000000000000000000000100000001010000000001100000
000000100011101010000000000000001000000000001000000000000000000000110000000000010010000100000000000000000000000000000000000000000101000010001000000000000001010001100000000000000000000000000000000000010000101011000000011110000
000000001101101101100000000000001000000000001000100000000000000000110000001100010001000000000000000000000000000000000000000000001000110010110000000000000000011100000000000000000000000000000000000000000111000001100000000011000
000000000000000111000000000000010000000000000100010000000000010000000000010010000010000000000011000000000000000000000000000000001000101100000000000000000000001100100000000000000000000000000000000011000000000100100000110011100
000000000000000000000000001000000100000000000100100000000000101000000000010010001111000000000000100110000000000000000000000010111000010000000000000000000101000000110110000000000000000110000000000111100000001000001000110011000
000000000000000000001100001000010110110000000101100000000000000000000000010110011000000000000011000010000001000000000000000001100111010110000000000000000011000000000110000000000000001101000000001000100000000000011000000000000
000000000000000000010100001000000111001000001101100000000000000000000000110000111000100000000000000000000010100000000000000001000000010100000000000001111011010000110100000000000000010000000000000110110000000000000000000000000
000000000000000000001000000000111001010000000101000000000000000000000000110000011011100000000011110010000010010001000000000000000000001000000000000011010000000011110000000000010000111000000001000001110000010000010000000000000
000000000000000000000000000000010000100000000010000000000000000000000000100010001101000000000010101000010000101011100000000000000000000000000000000011011000000010100000100000101000100100000001000000100000001000000000000000000
000000000000000000000001100000000000000010000000000000000000000000001001000010001111100000000000001100111000001111010000000000000000000000000000000000100010000001110000010001101100100010000010010001000000000001110000000000000
000000000000000000000001100000000000000101000000000000000000000000010001100001001001100000000000100011000000001010110000000000000000000000001100000000010000001001110000100010001100010011000000111001000000000001110000000000000
000000011000000000000000000000000000000101000000000000000000000000001011110110010000010001000000100010010000000010000000000000000000000000001100000000000000100000000000000010001000001011000000011000000000000000000000000000000
000000000001000000011100000000000000000000110000000000000000000000001001000100001000100011100000000000100110110010000000000000000000000000000001111000000000010000000000000000000000000000000000100110110000000000000000000000000
000001100001000000010100000000000000000101110000000001100000000000000000000100000111000000010000000101001000111000000000000000000000000000000011101100000000000000000000100011100010000000000000011111100000000000001000011000000
000001000000000000100100000000000000000100110000000000110000000000001100111000000000001010011000001100001000000001010000000000000000000000000010001100000000000000110001010001000010000000000000011011000000000000011010011100000
000001110011010000110000000000000000000000000000000010100110000110000000010000000000011010011100001011110001000001010010100000000000000000010010110000000000000000110001010000000010000000000000000000000000000000001010010100000
000000000000010000000001100000000000000000000000000011000110000100101110000000000000001000001000111001001111000000001100100000000000000000011100100000000000000000000000100001100000000000000000000000000000000011000000011100000
000000000000000000000001100000000000000000000000000010000000000000010100000000000000000111110000001100010001000001110110000000000000000000100011000000000000000000000000000010001000000000000000000000000000001111100000010011000
000000000000000000000000100000000000000000000000000000000000000010010000000000000000000000100000000110001001100001000100001100000000000000001110000000000000000011100000011010001100000000000000000000000000010000010000001000000
000000000000000000000000000000000000000000000000000000000000000001100000000000000000000000000000000110101011100000111000001100000000000000001000000000000000000010100000001000000000000000000000000000000000010010010000011000000
000000000000000000000000000000000000000000000000000000000000000000000000000000000011100000000000000001110000000000010100001000000000000000000000000000000000000100100000000000001100000000000000000000000000010001011000001011000
000000000000000000000000100000000000000000001100000000000000000000000001000000000011100000000000000000000001000000000100100000000000000000000000000000001110000101000000001101000100000000000000000000000000001000011000000100000
000000000000000000000001000000000000000000001100000000000000000000000000110100000100010000000000000000110011000000001101010000001000000000000000000000001000000010000011100100000100000001100000000000000000000100000000000000011
000000000000000000000010110000000000010000000000000000000000000000010001001010000100010000000000000000011001000000000011011000001000111000000000000001100001000000000010001100111000001001000000000000000000000011100000000000011
000000000000000000000000100000000000101000000000000000001000000000100101000000000110100000000000000000001110000000000010011100000000001000000000000001101001000000000110001100010000001000000000000000000000000000000001110000000
000000000000000000000110101000000000101000000000000000010000000000101101001000100001000000000000000000000100000000000001001000000001011000000000000000001001000000011100000100000000001000010000111000000000000000010000000000000
000000000000000000000000010000000000010000000000000001000000000000010110001010110000000000000000000010100000000000000000111000000011000000001100000001111110000100001100010010000000000100010000000000000000000000011000000000000
000000000000000000001000000000000000000000000000000110000000000000001010000010100000000000000000000000010000000000000000000000000001100000001100000010000110000111100100011011000000000011100000010000000000000001011000000000110
000000000000000000001111010000000000000000000000001100000000000000000000000001000000000000000000000100010000000110000000000000000000000011000000000010000110000011110011011011000000000000110000110000000000000111000000000000010
000000000000000000001000111000000000000000000000001000100000000000000000000110000000000000000000000100010000000110000000000000000000000011000000000010000100000000000001010011100000000001110000000000000000000011000000000010110
000000000000000000000101000110000000000000000000000100000000000000000000010000000000000000000000000110100000000000000000000000000000000000000000000000000100000000000011010011100001100010001000000000000000000001010000000110100
000000000000000000000000010001000000000001111100000000000100000000000001100000000000000000000000011101000000000000000000000000001000000000000000000100110000000000000011010110010100000000000000000000000000000000010000000101100
000000000000000000000001111000110000111000000010000000001010000000000000000000000000000000000000011000000000000000000000000000011010000000000000001010000001000000000000111101100000100010000000000000000000000000000011101110010
000000000000000000000001000100011000100011000100000000001110000000000000000100000000000000000000000000000000000000100000000110100101100000000000001000000011000000000000000111110011000000000000000000000000000000000000000111010
000000000000000000000000000100011101111000010000000000110000000000000000001010000000000000000000000000000000000001110000000110101101000000011000000100000010000000000000000000000110000000110000000000000000000000000000000011100
000000000000000000000000011100011011010000001111000000010000000000000000000000000000000000000000000000000000000001101111000000000000001010101000000000000001110000000000000000000000000101110000000000000000000000000000000000000
000000000000000000000000010001011100000000001000010000011000000000000000010010000000000000000000000000000000000000100000010000000001010010010000000000000000011000000000000000000000001000000000000000000000000000000000000000000
000000111001100000000000101101011001111100010000010000000000000000111000110000000010100000000000000000000000000000010000011000110000110010000000000000000000110000000000000000000000010000000000000001110000001100000110000000000
100000100010100000000000000000000000111100000010001000000000000000000000000000000011000000000000011100001110000000000000001000001110011000000000000000000000110000000000001000000000001011000000000010010000001100000110000001110
001000000001000000000001000000000000111100000000001100000000000000000000000000000011000000000000000000000111000000000000101000000011010000000000000010000000000000000000010100000000000000000000011110000000000000000000000000000
000000000000000000000000100000000000000000000000101000000000000000000000000000000000000000000000011000000011000000000011100000000001000000000000000101000000101000000000010100000000000000000000010000010000000000000000000000100
100100100011010000000000000000100000000000000000010000000000000000000000000000000000000000000000000000000000000000000011000000000001000000000000000011000000010000000000001000000000010000000000000100000000000000000000000000010
100001000000000000011000000001010000000000000000000000000110000000000000000000000000000000000000000000000000000000111000000000000000000000000000000000000000000000000000000000000000101000000000010011100000000000000000000000000
101001001000110000011000000010000000100000000000000000000110000000000000000000000000000000000000000010000000001000000000000000000000000000000000000000000001110000000000000000000000100100000011000000000000000011000000000000111
100011100000000000000000000110000100010000000000000000000000000011000000000000000000000000000000000011100111011001000110000000000000000000000000000000000000001000000000000000000000011000000010000000001100000011000000000011100
011111000000000000000000000010110100001000000000000000000000000111000000000000000000000000000000000010011000010001000010000000000000011000000000000000000011011000000000000000000000000000000010000100011011000000000000000111110
010111010000000000111010000000000011001100111010000000000000000100001000000000000000000000000000000001110001000000101000000000000000000100000000000111000000000000000000000000001100000000000001000000001001000000000000000111010
111010000000000011010101111000000000110101001101000000000000000101001000000000000000000000000000000000000001000000001000000000000101000100000000000100100000000000000000000000001110000000000000110000001001000000000000000000101
000011100000000011010100011100000000000110110000100000000000001100001000000000000000000000000000000000011000000000001000000000000101000000000000110001000000000110000000000000010001100000000000000000000110000000000000000010011
000011100000000011000100000000000000000000000100100000000011000101100000011000000000000000000000000000011011000000000001000000000000000000000001011000000000000101100000000000001101100000000000000000000000000000000000000010011
000000000000000000100100001000001000000000000110000000000111010010000000100100000000000000000000000000001011000000110010000000000000011000000011111000000000000000100000000000001100100000000000000000000000000000000000000001110
000000000000000000010001010000001000000000000011000000000111100000000000011000000000000000000000000000000100000000011100000000001000001000001001100000000000000011100000000000000010000000000000001100011100000000000000001110101
000000000000111000000000100000001000000000000000000000000111100000000000011000000000000000000000000000000000000000000000000011100000000100010100000000000000000000000000000000000000000000000000001111001100000000000000001100110
000000000001000100000000000000000001100000000000000000000010000110000000000000000000000000000000000000000000000000000000000000001101000100011111000000000000000000000000001000000000000000000001100000001000000000000000001100000
000000000001000100001000000000000001000000111000000000000011010001000000011100000000000000000000000000000000000000000000000000000011100000001110000000000000000000000000011110000000000000000001101111110000000001100000000000000
010000000001000100010100000000000000100000010000000000000011010101000000000000000000000000000000000000011000110000000000000000000010100111000010000000000000000000000000100011000000100110010010101011000000000111110000000000000
101000000000111000010100000000000000000000011000100000000010001000000001000001000000000000000000000000011001110000000000000110000001100100100000000000000000000000000000011000100000100001000011000000000000001000010000000000000
101000000000000000100000000000000000000000001000010000000001100110000001000001000000000000000001110000110011001000000000001001000001101100000000010000000000000000000000001110100000100000110000000000000000001001110000000000000
010000000000000000000100000001110000000000000010010000000000000000000001000001000000000000000000000000111011111000000000001010000001001010010000101000000000000000000000000011000000010100011000000000000000000000100000000000110
000000000000000000011010000001000000000000111000110000001100000000000000000000000000000000000010000101000000001000000000000110001101000000010000011000000000000000000000000010000000001000011001001000000000000111000000000001001
000000000000000000001000000001000000000000000000000000001100000000000000011100000110000000000000001100110001110000000000000000000110000100000000000000000000000000000000000000000000000000000000000000000000000101000000000000110
000000000000000000100000000000110100000000000000000000000000000000000000000000001001000000000000001000011001110000000000000001110100000100000000000000000000000000011000000000000000000000001011000000000000000010000000000000000
000000000000000000100000000000000110000000000000000000000000000000000000000000001010000000000001001000000000000000000000000000010010000100000000000000000000000000100100000000000000000000011110100000000000000100000000000000000
000000000000000000010011000000000000000000000000000000000100000000000000000000000100000000000001000111100000000000000000000001100000000101100000000000000000000000011000000000000000000000100010000000000001100111010100000000000
000000000000000000000001000000000000000000000000000000001010000000000000000000000000000000000001001111000000000000000000000000000010110100000011000000000000000000000000000000000000000000111010000000000010010010000100000000000
000000000000000000000101000000000000000000000010000000001010000000000000000000000000000000000001000000000000000000000000000000000110100100000010100000000000000000000000000000000000000000011100000000000001010000000000000000000
000010000000000000000000000000000000001110001111000000000100000000000000000000000000000000011000100010000000000000000000100000000010000000000000000000000000000000000001110000000000000000000000110000000000001000001000000000000
000010000000000000000000000000000000001011001110100000000000000000000000000000000000000000011000100000000000000000000000100000000001000000000010010000000000000000000000000000000111000000000000110000000000010101010000000000000
000010000000000000000000001111000000000111000001110000000000000000000000000000000000000000000000000110000000000000000000000000000000000000011110000000000000000000000000000000001010110000000000010000000000001000000000000000000
000000000000000000000000110110100001110101010000000000011000000000000000000000000000000000000000000000000000000000000000000000000000000000000100000001000000000000000000000000001010000110000000100000000000000000111000000000000
111000111000000000000000111110110010001010111000000000100100000100011100000000000000000000000000000000000000000000000111111111000001000000011000100001101100000000000000000110000000110000000000000000000000000000000000010000000
000000000000010000000001100000000010000111101000000000100100001010011001100000000000000000000000000000000000000000001000000000100000000000011000000000000011000000000000000101000000100110000001000000000000000000000000010000000
000010000000101000000001001110000001011010000000110000011000001010010001100000000000000000000000000000000000000000001000000000010001011000011100000111100000000000000000000001100000001000000011100000000000000000000000010000000
000010000000101000000011010010000000000000000001000100000001100000010011000000000000000000000000000000000000000000001000000100010000000111000010110000001000000000000000000100110000000000000101100000000110000000000000000000000
000010000000010000000000011100000000000000000001100010000001100000011100000000000000000000000000000000000000000000000000000000011000001010100010110010100000100000000000000011110000000011001100110000000110000000000000000000000
000000000000000000000011000000000000000000000001000000000000000000000000000000000110000000000000000000000000011000000111001000011000001010100010101111110000100000000000100011000101000011000111100000000000000000000000000000000
000000000000000000000011000000011100000000000000100000000000000000000000000000000110000000000000001000000000011000000000111000011000000010000001101011101101000000000001000000100001100000000011100000000000000000000000000000000
000000000000000000000001010000010100000000000001101000000000000000000000000000000000000000000000010100000000000000000000010000000000000011000100101100000110000000000010001000100000010000000000000000000000000000000000000000000
000000000000000000000000001000100110000000000000100010000000000000000001100000000000000000000000010000110000000000000000000110000000000000011001010000000001010000000100010000001101010000000000000000000000000000000000000000000
000000000000000000000000110000110110000000000000010001000000000000000001100000000000000000000000001000101000000000000000000111000000000000000011001100000001010000000100100000000001000000000000000000000000000000000000000000000
000000000000000000000000011000110111000001110000001001000001110000001100010000000000000000000000000000010000000000000000000001100000000000000010111110000000000000000101000000000000000000000000000000000000000000000000000000000
000000000000000000000000001100001110000000000000000111000000000000110001011000000000000000000000000000000000000000000000000010000000000000000010001010000000110000000000000000000000000000000000000000000000000000000000000000000
000000000000000000000000010000000000000100000000000000000000000000000000010000000110000000000000000000000000000000000000000001100000000000000001101010000001010000000000000000000000000000000000000000000000000000000000000000000
000000000000000000000000011110000000000100000111000000000000000100001001100000001001000000000000000000000000000000110000000000000000000000000000011100000000000000000000000000000000000000000000000000000000000000000000000000000
000000110000000000000001111110000000000100000000000000000000001000001111000000001001000000000000000000000000000000110000000000000000000000000000000000000000000000000000000000110000000000011011000000000110000000000001101000000
000000110000000000000011010000100000000000000000000000000000000101000010000000000110000000000000000000000000000000000000000000000000000000000110000000000000000000000000000001000110100000001010000000001001000000001101111000000
000000000000000000000000011111000000000001110000000000000000000000000000000000000000000000000000000000000000000000000000000000000000000000001001000010000000000000000000000010000110010000001100000000000110000000001100101100000
000000000000000000001100011011000000000000000000000000000000000000000000000000000000000000000000000000000000000000000000000000000000000010011001000101000000000000000000001100000000100000100100000000000000000000000000000110000
000000000000000000000111000000000000000000000000000000000000000000000000000000000000000000000000000000000000000000000000000000000000000101010010000101000000000000000000010000000100111000100000000000000000000000001100000000011
000000000000000000000011110110000000000000000000000000000000000000000000000000000000000000000000000000000000000000000000000000001000000101100010000010000000000000000000000000000100000000000000000000000000000000001110011110011
000000000000000001100000000110000000000000000000000000000000000000000110000000000001100000000000001000000000000000000000000000010111110010010000000000000000000000001111100001011000001000101000000000000000000000001101011000011
000000000000000001100000011000000000000000000000000000000000000000011010000000000001110100000000001000000000000000000000000000100000000000000000000000000000000000001001011100000000001000110000000000000000000000000011000100010
000000000000000000000000000000000000000000000000000000000000000000011100000000000001100010000000001000000000000000000000000001101111001000010010000000000000000000001000111100000000001000000000000000000000000000000000000000000
000000000000000000000000000000000000000111000001000000000000000000001000000000000000100010000000000000000000000000000000000001000111001000000000000000000000000000000111101000000000000000000000000000000000000000000000000000100
010110000000000000000000000000000000000110010001010000011000000000000000000000000000100000000000000000000000000000000000000000001001001000100000000000000000000000000001111000000011100011100000000000000000000000000000000001100
100000100000000000000000000000000001100000010000000000111000000000000000000000110000000110000000000000000000000000000000000000011001010001000000000000000000000000000000010000000000000000000000000000000000000011100000000011010
010000010000000000000000000000000001100000111000111000100000010000000000001100110000001000011100000011000000000000000000000000000000000010001000000000000001000000000000000000000000001000000000000000000000000100110000000011011
001100010000000000000000000000000000001000000100000000000000011000000000000000101000000110000000000011000000000000000000000000000000000011100000001110000001000000000000000000000000001000000000000000000000000011111000000011001
010000010000000000000000000000110000111001100010000001000000001100000000000000101100000000001100000000000000000000000000000000000000000010100000000000000001000000000000000000000000001000000000000000000000000000010100000010001
111110010000000000000000000000000000110000001000000001010000001100000000000001101000010000001100000000000011000000000000000000000000000000000000000000000000000000000000000000000000000000000000000000000000000000001000000010010
000110100000000000000000000001001000001000000100000010010000001110000110000000100001100000001100000000000011000000100000000000000000000001000000000000000000000000000000010000000000000000000000000000000000000000000000000011010
110000000000100000000000000000001100001010010000000001100000000000000110000001100001100000000000000000000000000000110000000000000000000000000000000000000000000000000000101100000000000000000000000000000001011100000000000001010
111000000001010000000000000110110000000000010000000001000001111000000000000001100000100000000000000000000000000000010000000000000000000000110000000000000000000000000000001100000000000000000000000000000010100010000000000001001
001111000001001000001110111010000001000111100000000000000001110000000000000010010000000000000000000000000000000000100000000000000000001100000000000000000000000000000110001100000000000000000000000000000011010010000000000000110
000100000000110000000110111010110111000011000000000000000000010000000000000011100000000000000000010000000100000000100000000000000000001100000011000000000000000000001010000000000000111000001100000000000010000010000001000000000
000000000000000001100111110001001011000000000000000000000000000000000000000101000000000001000000111000001110000000100000000000000000000000000000000000000000000000011011000000000011111000000000000110000001000100000010000000000
000000000000000010110010000001101100000000000000000000000000000000000000000101000000000010000001100000011111000000000000000000000000000000000000000000000000001100011001000000000010010001011000100110000000001000000001000101100
000000000000000110011111000000101000000000000000000000000000000000000000000111000000000010000010010000110001100000000000000000000000000000000000000000000000010100000101111000000110010010011000100000000000110000000000000000000
000000000000000001110100000000010000000000000000000000000000000000011000000000000000000000000010001101110001110000000000000000000000000000000000000000000000010010000001000110000010100011100011000000000000000000000001001100000
000001000000000000010000000000000000000000000000000000000000011000000010000000000000000000001000101000110001100000000000000000000000000000000000000000000000001110000000101000100000000001100000000000000000000000000000001111000
000010110000000000000000000000000000000000000000000000000000111101100010000000000000000000000011000000011111000000000000000000000000000000000000000000000000000010000000011000000000000000000000000000000000000000000001101000110
001110010000000000110000000000000000000000000000000000000001011111100000011000000000010000000000100000001110000000000000000000000000000000000000000001001000000000000000001000010000000000000000000000000000000000000000000000011
010110110000000000110000000000000000000000000000000000001101111100000011010000000000101000000000000000000100000000000000000000000000000000000000000010000100000000000000001100100000000000000011100000000000000000000000001100111
111000000000000000000000000000000000000000000000111000000010111000011011011111000000011000000000000000000000000000000000000000000000000000000000000010000100000000000000000011000000000010001111100000000000000000000000000000000
010110000000011000000000000000000011000000000000000000000000000000000000110011000000000000000000000100000000000000000000000000000000000000000000000010000100000000000000000000000000000100110000000000000000000000000000000000000
001100000000011000000000000000000011100000000010000010000000000000000000101000000000000000000000010000000000000000000000000000000000000000000000000000000000000000000000000000000000000011000100000000000000000000000000000000000
000100000000000000000000000000000001100000000010000010000000000000000001001000000000000000000000010000100000000000000000000000000011000000000000000000110000000000000110000000000000000011111000000110000000000000000000000000000
000000000000000000000000000000000000100001000010000010000000000000000000101000000000000000000000010100000000000000000000000000000011000000000000000000001000000000000100010000000000000000100000010010000010000000000000000000000
000000000000000000000000000000010111100001100000000000011100000000000000010000000000000000000000000001100000000000100000000000000000001100000000000000010000000000000010000000000000010000000000100001101101000000000000000000000
000000000000000000000000000000011111100000101100110000110100000000000000000000000000000000000000000000001100000000001010000000000000010010000000000000010000000000000001011000001100101000000000010110100000000000000000000011000
000000000000111000000000000000001100000000000000100100010100000000000000000000000000000000000000001110001010000011010100000000000000001100000000000000000000000000000000000000001100111000000000001100000000010000000000000011000
010000000001011100010000000111000000000000010100011110001111000000000000000000000000000000000000000000000010000011000110000000000000000000000000000000000000000000000000000010001100100100000000000000111000010100000000000000000
000000000001001010101000000111000000000011000100000000011010100000000000000000000000000000000011100000110110000000101100000111000000000000000000000000000100000000000000000000000000010100000000000000111000100010000000000000000
001001010001100110100100000010000110000011111000000000011000010000000000000000000000000000000010001010000000000000000010000111000000000000011000000000001010000000000000000000000000001000000000000000010000100010000000000000000
000001000000000000101000000000000101100011000000000000001000010000000000000000000000000000000011100001000010000000001001100000000000000000100100000000000100000000000000000000000000000000000000000000000010000000000000000000000
000001001101101100111000000000000011100000110000000000000100010000000000000000000000000000000000000011010000000000000100100000000000000000011000000000000000000000000000000000000000000000000000000000000010000100000000000000010
000000110001001000000000000000000001000000000000000000000100100000000000000000000000000000000000000000100110000000000011000000000000000000000000000000000000000000000000000000000000000000011000000000000010001000000000000000010
000000111111001000000000000000000000000000000000000000000001000000000000000000000000000000000000000011000000000000000000000000000000000000000000000000000000000000000000000000000000000000011000000000000001010000000000000000010
