7 85 128
00000000000000000000000000000000000000000000000000000000000000000000000000000000000000000000000000000000110000000000000000000000
00000000000000000000000000000000000000000000000000000001001000000000000000000000000000000000000000000000110000000000000000000000
00000000000000000000000000000000001110000000000000000000011000000000000000000000000000000000000000000000000000000000000000000000
01000000000000000000000000000000001000000010000000000000010000000000000000000000000000000000000000000000001100000000000000000000
01000110000000000000000000000000001110001100000000011100010100000000000000000011000000000000000000011100001100000000011011000000
00100110000000000000000000000000000000000100000000010100001100000111000000000100100000000000000000011101111000000000011000000000
11000000000000000000000000000000000000100010000000011100000000000100000000000101000000000000000000110001110000000000100000010000
10100000000000010000000000000000000000000011000110000000000000000000000000000010000000000000000000011000100000000000001000010000
00111000000000101000000000000000000000100111111100000000000000000011000000000000000000000000000000000001010110000000000101100000
00000000000000101000000000000000000000011100011110000000000000000000000000000000000000000000000000000000001001000000000100000000
00111000000000010000000000000000000000000011010110000000000000001000000001100000000000000000000000000000001001000011000000000000
00001000000000000000000000000000000000000001101110000000000000000001000001100000000000000000000000000000010001000000001000000000
00000010000000000000000010000000000000000011001000000000000000000010000000000000000000000000000000000000000000001000110000000000
00000010011000000000000100000000000000000000000100000000000000000000000000000000000000000000000000011100001100001011000000000000
00000001000000000000001001110000000000000000001000000000000000000000000000000000000000000000000000000000010000010010000000000000
00000001000001100000001000111000000000000000001011110000000000000000000000000000000000000000000000000000000000001100000000000000
00000001000001100000001011010100000000000001000110101000000000000000000000000000000000000000000000000000000000000000000000000000
00000001001001010000000100110000000000000001111000000110100000000000000011100000000000000000000000000000000000000000000000000000
00000001001000000111000011110000000000000000111100010000010000000000000010000000000000000000000000000000000000000000000000111000
00000001001000001001100000110101000000000000001000000000010000000000000010010110011000000000000000000000000000001000000000000000
00000001010000010001111000000001100000000000001111110001100000000000000001010110101000000000000000000000000000001100000110000000
00000100011100010100101000111001000000000000000000000000000000000000000000001110010000000000000000000000000000000100001101000000
00000100000100001000001001000101000000000000000101010000000000000000000000000000000000000000000000000000000000001100001000000000
00000100000100000000000000110101000000000000000001000000000000000000000000000000000000000000000000110000000001101000110010000000
00000000000000000000000000001101000001110000000000000000000000000000000000000000000000000000000000110000000000110000110000000000
00000001110000000000000000000100100001010000000000000000000000000000000000000000000000000001000000000000000000000000110110000000
00000000000000000000000000000111100001110000000000000000000000000001100000000000000011100010100000000000000000000000110110000000
00000000000000000000000000011000010000000000000000000000000000000001100000000000000110000100100000000000000000000000011011000000
00000000000000000000000000000011100000000000110101100000000000000000000000000000000110001100100000000000000000000000001010000000
00110000000000000000000000001111000000000000100000100000000000000000000000000000011000011001000000000000000000000000000100000000
01001000000110000000000000000100000000000000010001000000000000000000010000000000010111011000000000000000000000011000000000000100
01001000000000000000000000000000000000000000001110000000000000110000101000000000001000100000000000000000111000000100000001111100
00110000000000110000000000000000000000000000000000000000000000110000101000000000001000000000001000000001001110011000000011111110
00000000000110110000000000100000000100111000000000000000000000000000010000000001111000100000001000000000100001000100000010010000
00000000000000000000000000111001101100000000000000000000000000000000000000000010111100110001110000000000011101000000000001000011
00000000000000000000000000000101101110000000000000000000000000000000000000000000000101000010000000000000000010000000000000000001
01100000000000000000000000011000100000000000000110000000000000000000000000000000010100000110000000000000000000000000000000001101
10010000000000000000000000000111000000000000000101000000000000011000000000000000011111000111000000000000000000000000000000000000
01100000000000001000000000000011010000000001100001000000000000011000000000000010000000000000000000000000000000000001001011110000
00000000000000000100000000000001110100000010001110000000000000000000000000000010000000000000000000000000000000000010100111110100
00000000000001111000000000000001101010000010000100000000000000000000000000000101000000000000000000000000000000000011000000111000
00000000000010000000000000000000100101000011011000000000000000000000000000000011000000000000000000000000000000000010010000100010
00000000000100000000111000000001100010000001001000000011000000000101000000000011000000000000000000000000000000000110110010000110
00000000000100010000011000000011100100000000110000000100100000000101101000000100000000000000000000000000000000000111100010001100
00000000000100001000110000000010110010000000000000000011000000000000000100000111000000000010000000000000000000001100111100100000
00000000000000001000000000000000000010000000000000000000000000000001000011001001100000000111000000000001110000010100100110000000
00000000000011000100000000000000011000000000000000000000000000000001100111010110100000001001100000000011100000000000001000000000
00000000000000110100000000000000000100000000000000000000000000000000000011010100110000000011100000000100001000001110000000000000
00000000000000001000000000000000000000000000000000000000000000000000000000100011100000000011100000000011000000100100000000000000
00000000000000000000000000000000000000000000000000000000000011000000000000000001000000000011100000000010011011000000000000000000
00000000000000000000000000000110000000000000000000000000000101000000000000000000000000000100110000000000101010100001000000000000
00000000000000000000000001100111000100000000000000000000000110000000110001000000000000000100100000000000000000000110000000000000
00000000000000000000000000000000010010000000000010000000000000000000000001110000000000000100000000000000000000000000000000000000
00000000000000000000000011100000110010000000000100000000000000000000000000000111000000000010100000000000010000000000000000000000
00000000000000000000000011110000111100000000000100000000000000000000000000001000100000000000100000000000011010000000000000000000
00000000000000000000000000011000000000111000000010000000000000000000000000000101000000000010010011000111111010000001000000000000
00000000000000000000000000010010000000000000000010110110000000000000000111000010000000000000000011001011100000000010100000000000
00000000000000000000000000001100000010000010000000111100000000000000110001000000000000000010000000001100010000000010100001100000
00000000000000000110000000000000000101000101000000100000000000000000010001000000000000000011100000000111010000111001000001100000
00000000001000000001000000000000000100101001000000000000000000000000010010000000000001110000000000000011100001000100000000000000
00000000010100000001000000000000000011010110000000000000000010000000001110000000000101001000000000000111000001000100000000000000
00000000011000000100000000000000000000110100000000000000000111000000000000000000011000010000000000001100000001000100000000000000
00000000000111101101000000000011000000100100000000000110001000000000000000000000011000000000000000001100000000111000000000000000
00000000011111111101100000000011000000010010000000000000000000000000000011000000011000000000000000000000000000000000000000000000
00000000011111000000000000000000001110001110001100000000000000000000001000100010000100000000000000000000000000000000000000000000
00000000000000000000000000000000001011000001100100000000000000000000000000100111000000000000000000010000000000000000000000000000
00000000000011000000000000000000100000000000000110000000000000000000001001001000110000000000000000111000000000000000000010000000
00000000000000100000000000000000100010010010001101100001000000000001100010000111001000000000000001000010000000000000000010000000
00000001000000011000000000000000000000100000001101100001100000000001010001000011101000000000000000111110000000000000000010000000
00000001000001010000000000000001000001101001000000010000010000000011000001000000010000000001000000000001000000000000000000000011
00000000000010110110000000000001000010111110000001110000100000000011010101011000000000000001000000000000000000000000000000000011
00000010000010110111000000000011010111000000000000110000100000000000011000000000000011000010100000000000000000000000011100000000
00000101000010011000000000001000000110000000011000000000000000000011000000000000000000000000000000000000000000000000010011000000
00000001001000011101000000001100011100000000001000000000000001000000000000000000000100011100000000000000000000000000001110000000
00000011101011100101000000000110000000000000000000000000000001010100000001000000000010001100000000001100000000100000000100000000
00000000001000000001000000000110000011000000000000000000000000110111100000000000000000101100000000000010000001010000000000000000
00000000000000000000000000001010001011000001110000000000000000010000100110000000000001010100000110001100000011011000000000000000
00000000000000000000000000000100011001000010000100010000000000001010000000000000000000000000001010000000000110010000000000000000
00000000000000000000000000000000001010000000001100000000110000000110010000000000000000000001111100000000000111000000000000000000
00000000000000000000000000000000001110000000110100000011011000000001100000000000000000000010100000000000000001000000000000000000
00000000000000000000000000000000000000000001101011011110101000000000000000000000000000000011000000000000000000000000000000100000
00000000000000000000000000000000000000000000100110100110100000000000000000001000000000000000000000000000000000000000000000100000
00000000000000000000000000000000000000000000100000000001101000000000000000001010000000000000000000000000000000000000000000100000
00000000000000000000000000000000000000000000010100000000011000000000000000001010000000000000000000000000000000000000000000000000
00000000000000000000000000000000000000000000000000000000000000000000000000000000000000000000000000000000000000000000000000000000
