4 150 225
000000000101000000000000000000000000000000000000000000000000000000000000000000000000000000000000000000000000000000000000000000000000000000000000000000000000000000000000000000000000000000000000000000000000000000000000000000000
000000001101100000000000000000000000000000000000000000000000000000000000000000000000000000000000000000000000000000000000000000000000000000000000000000000000000000000000000000000000000000000000110000000000000000100000000000000
000000001001000000000000000000000000000000000000000000000000000000001101100000000000000000000000000000000000000000000000000000000000000000000000000000000000000000000000000000000000000000000000110000000000000000100000000000000
000000000110000000000000000000000000000000000000000000000000000000001101100000000000000000000000000011100000000000000000000000000000000000000000000000000000000000000000000000000000000000000000000000000000000000100000000000000
000000000000000000000000000000000000000000000000000000000000000000000000000000000000000000000000000000100000000001100000000000000000000000000000000000000000000000000000000000000000001110000000000000000000000100000000000000000
000000000000000000000000000000000000000000000000000000000000000000000000000000000000000000000000000010000011101010000000000000000000000000000000000000000000000000000000000000000000000000000000000000000000000100000000000000000
000000000000000000000000000000000000000000000000000000000000000000000000000000000000000000001111111111000011011011000000000000000000000000000000000000000000000000000000000000000000000000000000000000000000000100000000000000000
000000000000000000000000000000000000000110000000000000000000000000000000000000000000000000010001011100000011000001111000000000000000000000000000000000000000000000000000000000000000000000000000000000000000000000000000000000000
000000000000000000000000000000000000000000000000000000000000000000000000000000000000000000100001100010000000111000001000000000000000000000000000000000000000000000000000000000000000000000000000000000000001110001110000000000000
000000000000000000000000000011000000000000000000001000000000000000000000000000000000000000100000010100000000010100011100000000000000000000000000000000000000000000000000000000000000000000000000000000000000000000000000000000000
000000000000000000000000000000000000000000000000011100000000000000000000000000000000000000010000011000000000000110111000000000000000000000000000000000000000000000000000000000000000000000000000000000000000000100000000000000000
000000000000000000000010011001001000000000000000100010000000000000000000000000000000000000001100000000000000000110111000000000000000000000000000000000000000000000000000000000000000000000000000001100000000000100000000000000000
000000000000000000000010111000010110011100000000011001000000000000000000000000000000000000000000000000000000000000100000000000000000000000000000000000000000000000000000000000000000000000000000001100000000000100000000000000000
000000000000000000000110111111000111011100000000110100000000000000000000000000000000000000000000000000000000000110100000000000000000000000000000000000000000000000000000000000000000000000000000000000000000000000000000000000000
000000000000000000000110000000001101100010000010100000100000000000000000000000000000000000000000000000000000000001110000000000000000000000010000000000000000000000000000000000000000000000000000000000000000000000000000000000000
000000000011000000001110000000000000111110000000010100100000000000000110000000000000000000000000000000000000000000011000000000000000000000010000000000000000000000000000000000000000000000000000000000000000000000000000000000000
000000000100100000000100000000010100010000000100001100100000000000001001000000011100000000000000000000000000000011010000000000000000000000010000000000000000000000100000000000000000000000000000000000000000000011000000000000000
000000000011000000001010000101100110010000000100000111000000000000000110000000000000000000000000000000000000000011100000000000000000000000000000000000000000000001110000000000000000000000000000000000000000000111100000000000100
000000000000000000001110001101011001011100000011100010000000000000000000000001000001000000000000000000110000000001100000000000000000000111000000000000000000000010101000000000000011111000000000000000000000001001000000000000100
000000000000000000000001110000000111111100000011100000000000000000000000000001000001000000000000000000110000000000000000000000000000000000000000000000000000000010010000000000000000011000000000000000000000010000000000000000100
000000000000000000001100100000000001000000001001000000000000000000000000000001000001000000000000000000000000100000000000000000000000000000000000000000000000000001101000000000000011000100000000000000000000001010000000000000000
000000000000000000000100000000000000000000000110000000000000000000000000000000000000000000000000000000000000100000000000000000000000000000000000000000000000000000011000000000000010001100000000000000000000000100000000000000000
000000000000000000000000001000000000000010000000000000000000000000000000000000011100000000000000000000000000100000000000000000000000000000000000000000000000000000011000000000000100001000000000000000000000000000000000000000000
000000000000000000000000010100000000000101000000000000000000000000000000000000000000000000000000000000000000000000000000000000000011000000000000000000000000000000000100001010000101110000000000000000000000000000000000000000000
000000100000000000000000010100000000000100100000000000000000000000000000000000000000000000000000000000000000000000000000000000000011000000000000000000000000000000001000000100000011100000000000000000000000000000000000000000000
000001011000000000000000001000000000000011000000000000000000000000000000000000000000000000000000000000000000000000000000000000000000000000000000000000000000000000001100001000000001000000000000000000000000000001100000000000000
000000000100000000000000000000000000000000000000000000000000000000000000000000000000000000000000000000000000000000000000001000000000000000000000000000000000000000000000000001010000000000000000000000000000000010100000000000000
000001101100000000000000000000001000000000000000000000000000000000000000000000000000000000000001100000000000000000000000001000000000000111000000000000000000000000000000000000011000000000000000000000000000000001000000000000000
000100011000000000000000000000011100000000000000000000000000000000000000000000000000000000000010010000000000000000000000001000000000000101000000000000000000000000000000000001010000000000000000000000000000000000000000000000000
001010001000000000000000000000111110000000000000000000000000000000000000000000000000000000000001100111000000000000000000000000000000000100110000001100000000000000000000000000000000000110000000000000000000000000000000000000000
000010001000000000000000000001100000000000000000000000000000000000000000000000011100000000000000000000000000000000000000000000000000111000010000001100000000000000000000000000000000001001000000000000000000000000000000000000000
010000000000000000000000000000100100000000000000000000000000000000000000000000100010000000000000000000000000000000000000000000000000100001110000000000000000000000000000000000000000001010000000000000000000000000000000000000000
100100000000000000000000000000110100000000000000000000000000000000000000000000110001000000000110000000000000000000000000000000000000110010000000000000000000000000000000000000000000000100000000000000000000000000001110000100000
100010000000000000000000000000010110000000000000000000000000000000000000000000000010000000001001000000000000000000000000000001100000001010000000000000000000000000000000000000000000000000000000000000000000000000000000001010000
000000000000000000000000000000000000000000000000000000000000000000000000000000100000111000000110000000000000000000000000000010011010001110000000000000000000000000000000000000000000000000000000000000000000000000100000010010000
011100000000001100000000000000000101000000000000000000000000000000000000000001010100000000000000000000000000000000000000000111001010000000000000000000000000000000000000000000000000000000000000000000000000000000100000001100000
000000000000010010000000000000000011100000010000000000000000000000000000000001010100000100000000000000000000000000000000000011000010000000000000000000000000000000000000000000000000000000000000000000000000000000100000000000000
000000000000010100000001000000000000000000010000100000000000000000000000000110010011011000000000000000000000000000000000000001000110000000000000000000000000000000000000000000000000000000000000000000000000000000000000000000000
000000000000001000000010100001000000000000100001111000000000000000000000001011110000001000000000000000000000000000000000000000110110001110000000000000000000000000000000000000000000000000000000000000000000000000000000000000000
000000000000000000000010010010100001001000000001000000000000000000000000010000000101100000000000000000000000000000000000000000011000001100000000000000000000000000000000000000000000000000000000000000000000000000000000000000000
000000000000000000000001100010100000011011100010001000000000000000000000010011100000011100000000000000000000000000000000000000000000001100100000000000000000000000000000000000000000000000000000000000000000000000000000000000000
000000000000000000000000000001000000001010000001110000000000000000000000010010010000000110000000000000000000000000000000000000000000000001100000000000000000000000000000000000000000000000000000000000000000000000000000000111000
000000000000000000000000000000000000000000000001000000000000000000000000001010001110000100000000000000000000000000000000000000000000000000000000000000000000000000000000000001000000000000000000000000000000000000000000000000000
000000010000000000000000000000000000000000000000000000000000000000000000000000000000100000000000000000000000000000000000000000001100000000000000000000000000000000000000000001000000000000000000000000000000000000000000000000000
000001101100000000000000000000000000000000000000000000000000000000000000000000000000000000000000000000000000000000000000000000010010000000000000000000000000000000000000000001000000000000000000000000000000000000000000000000000
000001110000000000000000000000000000000000001100000000000000000000100000000000000111011000000000000000000000000000000000000000001100000000000000000000000000000000000000001000000000000000000000000000000000000000000000000000000
001100000000000001100000000000000000000000001100000000000000000000100000000000011010100000010000000000000000000000000000000000000000000000000000000000000000000000000000010100000000000000000000001100001110000000000000000000000
010001010000000010100000000000000000000000000000000000000000000000100000000000100010100000101000000000000000000000000000000000000000000000000000000000000000000000000000010100000100000000000000010010000000000000000000000000000
001000001000000110100000000000000000000000000000000000000000000000000000000000101101100000100100000000000000000000000000000000010000000000000000000000000000000000000000001000010010000000000000110100000000000000000000000000000
000100111011000110000000000000000000000000011000000000000000000000000000000000001000000000011000000000000000000000000000000000101000000000000000000000000000000000000000000000010001000000000000100000000000000000000000000000000
000000111000000100100000000000000000000000011000000000000000000000000000000000110000000000000000000000000000000000000000000000101000000000000000000000000000000000000000000000100001000000110000001000000000000000000000000000000
000000001010000011000000000000000000000000000000000000000000000000000000000000110000000000000000000001100000000000000000000000010000000000000000000000000000000000000000000001001100000000110001111000000000100000000000000000000
000000000010000000000000100100000000000000000000000000000000000000000000000000000000000000000000011001100000000000000000000000000000000000000000000000000000000000000000000000101100000000000000001110000001010000000000000000000
000000001000000000000000100001000000000000000000000000000000000000000000000000000000000000000000100100000000000000000000001000000000000000000000000110000000000000000000000000101000000000000000011110000000101000000000000000000
000000011000000000000000010101100000000000000000000000000000000000000000000000000000000000000000011000000000000000000000011100001100000000000000000110000000000000001100000000011100000000000000100010000000011000000000000000000
000000011000000000001000000000110000000000000000000000000000000000000000000000000000000000000000000000000000000000000000101010010010000000000000000000000000001110010010000000111011000000000000000000000000000000000000000000000
000000000000000000011100000000100000000000011000000000000000000000000000000000000000000000000000000000000000000000000001100110001100000000000000000000000000010000010010000000100010000000000000111000000000000000000000000000000
000000000000000011011000000000100000000000011000000000001000000000000000000000000000000000000000000000000000000000000011100111000000000000000000000000000000001100000010000001101110011000000000000000000000000000011000000000000
000000000000000011001000000001110000000000000000000000010100000000000000000000000000000000000000000000000000000000000100100110000000000000000000000000000000000100000100000001100100100100000000000001101000000000011000000000000
000000000000000001110000000000010000000000000000000000100100000000000000000000000000000000000000000000000000000000000101101000000000000000000000000000000000000000111000000001101100011000000000000011111000000000000000000000000
000000000000000000100000000000000000000000000000000000011000000001000000000000000000000000000000000000000000000000000011011000000000000000000000000000000000000000000000000000000000000000000010001110011000000000000000000000000
000000000000000000000000000000000000000000000000000000000000000010100000000000001100110000000000000000000000000000000000000110000000000000000000000000000000000000000110000000000000000100000001101000000000000000000000000000000
000100000000000000000011000000000000000000000000000000000000000010010000000000000001001000000000000000000000000000110000000110000000000000000000001000000000000000000110000000000000001100010001101000000000000000000000000000000
001010001100000000000011000000000000000000000000000000000000000001100000000000100100110000000000000000000000000000000000111000000000000000000000010100000000000000000000000001000000011000010000001000000000000000000011000000000
001010001100000000000000000000000000000000000000000000000000000000000000000000100100000000000000000000000000000000000000000000001100000000000000010010000110000000000000000011100000101000001000111000000000000000000011000000000
000100000000000000000000000000000000000000000000000000000000001000000000000111111000000000000000000000000000000000000000000000001010000000000000001100001001000000000000000111010001110100000101010000000000000000000000000000000
000000000000000000000000000000000000000000000000000000000000110100000000001000001100000000000000100000000000000000000000000000000011000000000000000000000110000000000000001011010001010010011000110000000000000000001000000000000
000000000000000000000000000000000000000000000000000000000000000110000000000011001110000000000001010000000000000000000000000000001010000000000000000000000000000000000000001011100010010000000100110000000000000000110010010100000
000000000000000110000000000000000000000000110000000000000000001011000000000011001010000000000010001100000000000000000000000000001100000000000000000000000000000000000010101010000001100000000010010000000000000000011010100100000
000000000000000110000000000000000000000000110000000000000010000010000000000000001110000000000001000011000000000000000000111000000000000000000000000000000000000000000100000010000001000000000000000111100000000000001010100000000
000000000000000000000000000000000000000000000000000000000010111100000000000000001100000000000001101110100000000000110000000111000000000000000000011000000000000000001000011100000000000000000011100111110000000000000110010000000
000000000000000000000001100000000000000000000000000000000001111000000000000000101100000000000000011011000000000000000000000001000000000000000000100100000000000000001100000100000000000000000000111010001000000000000000110000000
000000000000000000000001100000000000000000000000000000000000000000000000000000100000110000000000000100100000000000000011010000100000000000000000011000000000000000010000000110000000000000000000011000110000000000000110110000000
000000000000000000000000000000000000000000000000000000000000000000000000000000100001001000000000000011100000000000000101110000000000000000000000000000000000000000001100001010001000000000000000001111100000000000001000110000000
000000000000000000000000000000000000000000000000000000000000000000000000000000000001011100000000000011101110000000000100101100000000000000000000000000000000000000001100001010000100000000000000000011000000000000001010100000000
000000000000000000000000000000000000000000000000000000000000000000000000000000001000000000000100000000000000000000000011100000100000000000000000000000000000000000000000001000100110000000000000000000000000000000000111000000000
000000000000000000000000000000000000000000000000000000000000000000000000000000000111000000001110000000000000000000000001100100000000000000000000000000000000000000000000000000000100000000000000000000000000000000000010000000000
000000000000000000000000000000000000000000000000000000000000000000000000000000000001000000011001000000000000000000000000101011000000000000000000000000000000000000000000000010001100000000000000000000000000000101000000000000000
000011000000000000000000000000000000000000000000000000000000000110000000000000000001000000010101000000000000000000000000011100000000001100000000000000000000000011000000000001101000000000000000000000000000001001000000000000000
000011000000000000000000000000000000000000000000000000000000001010000000000000000000000000010001100000000000000000000000001000000000001100000000000000000000000100100000000000010000010000000000000000000000001000100000000000000
000000000000000000000000000000000000000000000000000000000000000100000000000000000000000000001011000000000000000000000000000000000000000000000000000000000000000100100000000000000000101000000000000000000000001001000000000000011
000000000000000000000000000000000000000000000000000000000000000000000000000000000000000001000100000000001100000000000111100000000000000000000000000000000000000011000000000000000000100100000000000000000000000101000000000000011
000000000010000000000000000000000000000000000000000000000000000000000000000000000000000001100000000000001100000000011100001000000000000000000000000000000000000000000000000000000000011000000000000000000000000000000000000000000
000000000101000000000000000000000011000000000000001100000000000000000000000000000000000000111000000000000000000000100000001000000000000000000000000000000000000000000000000000000000000000000100000000001110000000000000000000000
000000000101000000000000000000000011000000000000001100000000000000000000000000000000000000111000000000000000000001000011100100000000000000110000000000000000000000000000000000000000000000001010000000000011000000000000000000000
000000000010000000000000000000000000000000000000000000101000000000000000000000000000000111100000000000000000000001010100001100000000000001001000000000000000000000000000000000000000000000000100000000000011000000000000000000000
000000000000000000000000000000000000000000000000000000100100000000000000000000000000000011100000000000000000000100010101111000000000000000101000000000000000000000000000000000000000000000000000000000000100100000000000000000000
000000000000000000000000000000000000000000110101100110001000000000000000000000000000000011000110000000000000000100000010110000000000000000010000000000000000000000000000000000000000000000000000000000001100000000000000000000000
000000000000000000000000000000000000000000111000010100101100000000000000000000000000000000110010000000000000000000000101100000000000000000000000000000000000000000000000000000000000000000001100000000000010000000000000000000000
000000000000000000000000000000000000000000011000001110100110000000000000000000000000000000100100000000000000000000100100010001110000000000000000000000000000000000000000000000000000000000001100000000000000000000000000000000000
000000000000000000000000000000000000000000000100010001000110000000000000000000000000000000011100000000000000000000010000000000110000000000000000000000000000000000000000000000000000000000000000000000000000000000000000000001110
000000000000000000000000000000000000000000000111100000000000000000000000000000000000000000000000000000000000000000000000000000000000000000000000000000000000010100000000000000000000000000000000000000000000000000000000000000000
000000000000000000000000000000000000011000000111000000000000000000000000000000000000100000000000000000000000000000000010000000000000000000000000000000000000001100000000000000000000000000000000000000000000000000000000000100001
000000000000000000000000000000000000001000000000001100000000000000000000000000000000101000000000000000000000000000000010000000000000000000001000000000000000001000000000000000000000000000000000000000000000000000000000000100001
000000000000000000000000000000000000100001100000001100000000000000000000000000000000101100000000000000000000000000000100000000000000000000011100000000000000000000000000000000000000000000000000000000000000000000000000000100001
000000000000000000000000000000000000000001100000000000000000000011000000000010000110011000000000000011000000000000000000000000100000000000111010000000000000000000000000000000000000000000000000000000000000000000000000000001110
000000000000000000000000000000000000000000000000000000000000000100100000000100110110000000000000000011000000000000000000000001000000000001110000000000000000000000000000000011100000000000000000000000000000000000000000000000000
000000000000000000000000000000000000000000001100000000000000000011000000000110001100001010000000000000000000000000000000000001000000000001111001100000000000000000000000000000000000000000000000000000000000000010000000000001110
000000000000000000000100001100000000000000010010000000000000110000000000001000010000000110000100000000000000000000000000000000000000000001110101011000000000000000000000000000000000000000000000000000000000000010000000000100001
000000000000000000001010001100000000000000001100000000000000110000000000000000101000000100001100000000000000000001000000000000000000000001110000110000000000000000000000000000000000000000000000000000000000000010000000000100001
000000000000000000001001000000000000000000000000000000000000000000000000001000011100000000000010000000000000100010100000000000000000000000110000100000000000000000000000000000000000000000000000000000000000000000000000000100001
000000000000000000000110000000000000000000000000000000000000000000000000001110100010000000011010110000000000100110110001010000000000010000000000000100000000000000000000000000000000000000000000110000000000000100000000000000000
000000000000000000000000000000000000000000000000000000000000000000000000000110010010000000011110100000000000100111000010011000000001010000000000001010000000000000000000000000000000000000000000110000000000000100000000000001110
000000000000110000000000000000000000000000000000000000000000000000000000000000001100000000000001000000000000000111000010000110000011111000000000001001000000000000000110000000000000000000000000000000000000000100000000000000000
000000000000110000000000000000000000000000000000000000000000000000000000000000000000011000000000000000000000000110000100010010001101000000000000000110000000001000001001000000000000000000000000000000000000000000000000000000000
000000000000000000000000000000000000000000000000000000000000000000000000000000000000011000000000000000000000000011000011010110001100011000000010000000000000001000001010000000000000000000000000001000000001110001110000000000000
000000000000000000000000000000000000000000000000000000000000000000000000000000000000000000000000000000000000000000000000000000010000100000000010000000000000001000000100000000000000000000000000010100000000000000000000000000000
000000000000000000000000000000000000000000000000000000000000000000000000000000000000000000000000000000000000000000000000000000010010110000000010000000000000000000000000000000000000000000000000100100000000000100000000000000000
000000000010000000000000000000000000000000000000000000000000000000000000000000000000000000000000000000000000000000000000000000111011100000000000000000000000000000000000000000000000000000000000011000000000000100000000000000000
000000000010000000000000000000000000000000000000000000000000000000000000000000000000000000000000000000000000000000000000000000000100000000000000000000000000001110000000000000000000000000000000000000000000000100000000000000000
000000000010000000000000000000000000000000000000000000000000000000000000000000000000000000000000000000000000000000000000000000000000000000000000000000000000000000000000000000000000000000000000000000000000000000011100000000000
000000000000000000000000000000000000000000000000000000000000000000000000000000000000000000000000000000011000000000000000000111000111000000000001100000000000000000000000000000000000000000000000000000000000000000111000000000000
000000000000000000000000000000000000000011100000000000000000000000000000000000000000000000000000000000011000000000000000000000000000000000000001100000000000000000000000000000000000000000000000000000000000000000000000000000000
000000000000000000000000000000000000000000000000000000000000000000000000000000000000000000000000000000000000000000000000000000010000000000000000000000000000000000000000000000000000000000000000000000000000000000000000000000000
000000000000000000000000000000000000000000000000000000000000000000000000000000000000000000000000000000000000000000000000000000010000000000000000000000000000000000000000110000000000000000000000000000000000000000000000000000000
000000000000000000000000000000000000000000000000000000000000000000000000000000000100000000000000000000000000000000000000000000010000000000000000000000000000000000000001001000000000000000000000000000000000000000000000011000000
000000000000000000000011000000000000000000000000000000000000000000000000110000001010000000000000000000000000000000000000000000000000000000000000000000000000000000000000110000000000000000000000000000100000000000000000011000000
000000000000000000000011000000000000000000000000000000000000000000000010001110000000000000000000000000000000000000000000000000000000000000000000000000000000000000000000000000000011000000000000000000100000000000000000000000000
110000000000000000000000000000000000000000000000000000000000000000000000000000000000000000000000000000000000000000000000000000000000000000000000000000000000000000000000000000000011000000000000000000100000000000000000000000000
110000000000001100000000000000000000000000000000000000000000000000000110010000000000000000000000000000010000000000000000000000000000000000000000000000000000000000000000000001000000000000000000000000000000000000000000000000000
000000000000011100000000000000000000000000000000000000000000000000000010110000000001000000000000000000101000000000000000000000000000000000000000000000000000000000000000000010100000000000000000000000000000000000000000000000000
000000000000000000000000010000000000000000000000000000000000000000000011110100101110000000000000000000010000000000000000000000000000000000000000000000000000000000000000000010100000000000000000000000000000000000000000000000000
000000000000011100000000010000000000000000000000000000000000000000000001101110011000000000000000000000000000000000000000000000000000000000000000000000000000000000000000000001000000000000000000000000000000000000000000000000000
000000000000010100000000010000000000000000000000000000000000000000000000001001011000000000111000000000000000000000000000000000000000000000000000000000000000000000000000000000000000000000000000000000000000000000000000000000000
000000000000001100000000000000000000000000000000000000000000000000000000100100010000000001000100000000000000000000000000000000000000000000000000000000000000000000000000000000000000000000000000000000000000000000000000000000000
000000000111001100000000000000000000000000000000000000000000000000000000011100000100000010000010000000000000000000000000000000000000000000000000000000000000000000000000000000000000000000101000000000000110000000000000000000000
000000000111000000000000000000000000000000000000000000000000000000000000000000110000000100010001000000000000000000000000000000000000000000000000000000000000000000000000000000000000000000100100000000001001000000000000000000000
000000000111000000000000000000000000000000000000000000000000000000000000000000000010000100101001000000000000000000110000000000000000000000000000000000000000000000000000000000000000000100101000000000000110000000000000000000000
000000000011000000000000000000000000000000000000000000000000000000000000000000000010000100010001000000000000100001001000000000000000000000000000000000000000000000000000000000000000001010001100000000000000000000000000000000000
000000011000000000000000000000000000000000000000000000000000000000000000000001000000000010000010000000000001010001001000000000000000000000000000000000000000000000000000000000000000001000000000000000000000000000000000000000000
000000011100000000000000000000000000000000000000000000000000000000000000000000110000000001000100000000000001010000110000000000000000000000000000000000000000000001100000000000000000000101000000000000000000000000000000000000000
000000001110000000000000000000000000000000000000000000000000000000000000000000000000000000111000001100000000100000000000000000000000000000000000000000000000000010010000000000000011100011000000000000000000000000000000000000000
000000000011011000000000000000000000000000000000000000000000000110000000000000000000000000000000001100000000000000000000000000000000000000000000000000000000000010010000000000000010010000000000000000000000000000000000000000000
000000000011111000000000000000000000000000000000000000000000001001000000000000000000000000000000000000000000000000000000000000000000000000000000000000000000000000000000000000000100010000000000000000000000000000000000000000000
000000000000000000000000000011000000000000000000100000000000000110000000000000000000000000000000000000000000000000000000000000000000000000000000000000000000000010100000000000000000001000000000000000000000100000000000000000000
000000000000000000000000000111100000000000000000100000000000000000000000000000000000000000000000000000000000000000000000000000000000000000000000000000000000000100000000000000011000110000000000000000000001110000000000110000000
000000000000000000000000011110001100000000000000100000000000000000000000000000000000000000000000000000000000000000000000000000000000000000000000000000000000001111100000000001000001000000000000000000000000101000000000110000000
000000000000000000000000100001000100000000000000000000000000000000000000000000000000000000000000000000000000000010000000000000000000000000000000000000000000001100010000000001000010000000000000000000000000001000000000000000000
000000000000000000000001000000100100000000001110000000100000000000000000000000000000000000000000000000000000000101000000000000000000000000000000000000000000001111110000000001000001000000000000000000000000000000000000000000000
000000000000000000000000100001011000000000000000000000100000000000000000000000000000000000000000000000000000000101000000000000000000000000000000000000000000000101110000001100011000110000000000000000010000000000000000000000000
000000000000000000000000011001001100000000000000000000100000000000000001100000000000000000000000000000000000000010000000000000000000000000000000000000000000000010111000001100000000001000000000000000110000000000000000000000000
000000000000000000000000001001001110000000000000000000000001000000000010010000000000000100000000000000000000000000000000000000000000000000000000000001100000000001110000000000000100010000000000000001110000000000000000000000000
000000000000000000000110000000010111000000000000000000000010100000000001010000000000001010000000000000000000000000000000000000000000000000000000000001100000000000100000000000000010010000000000000000110000000000000000000000000
000000000000000000000110000000011000000000000000000000000010100000000000100000000000001100000000000000000000000000000000000000000000000000000000000000000000000000000000000000000011100000000000000000010000000000000000000000000
000000000000000000000000000000000000000000000000000000000001000000000000000000000000000000000000000000000000000000000000000000000000011000000000000000000000000000000000000000000000000000000000000000000000000000000000000001100
000000000000000000000000011000000100000000000000000001000000000000000000000000000000000000000000000000000000000000000000000000000000011000000000000000000000000000000000000000000000000000000000000000000000000000000000000010010
000000000000000000000000110001000011100000000000000010100000000000000000000000000000000000000000000000000000000000000000000000000000000000000000000000011000000000000000000000000001000000000000000000000000000000000000000001100
000000000000000000000000011110110111000100000000000001100000000000000000000000000000000000000000000000000000000000000000000000000000000000000000000000011000000000000000000000000010100000000000000000000000001100000000000000000
000000000000000000000000000000100000001010000000000000000000000000000000000000000000000000000000000000000000000000000000000000000000000000000000000000000000000000000000000000000001100000000000000000000000001100000000000000000
000000000000000000000000000001000000000110000000000000000000000000000000000000000000000000000000000000000000000000000000000000000000000000000000000000000000000000000000000000000000000000000000000000000000000000000000000000000
