3 200 300
000000000000000000000000000000000000000000000000000000000000000000000000000000000000000000000000000000000000000000000000000110000000000000000000000000000100000000000000000000000000000000000000000000000000000000000000000000000000000000000000000000000000000000000000000000000000000000000000000000000000
000000000000000000000000000000000000001110100000000110000000000011100000000000000000000000000000000000001100000000000000000110000000000000000000000000001010000000000000000000000000000000000000000000000000000000000000000000000000000000000000000000000000000000000000011100000000000000000000000000000000
000000000110000000000000000000000000000100111010000010001100000100010000000000000000000000000000000000010010000001000011000000000000000000000000000000100010000000000000000000000000000000000000000000000000000000000000000000110000000000000000000000000000000000000000100010000000000000000000000000000000
000000000110000000000000000000000000001100011101100110010010000100010000000000000000000000000000000000001100000010100011000000000000000000000000000000111100000000000000000000000000000000000000000000000000000000000000000000110000000000000000000000000000000000000001000001000000000000000000000000000000
000000000000000000000000000000000000111111010010000000010010000000110000000000000000000000000000000000000000000100100000000011000000000000000000000001001000000000000000000000000000000000000000000000000000000000000000000000000000110000000000000000000000000000000010001000100000000000000000000000000000
000000000000000000000000000000000001001000000100000000010000000010110000001000000000000000000000000000000000000011000000000010100000000000000000000000000000000000000000000000000000000000000000000000000100000000000000000000000001001000000000000000000000000000000010010100100000000010000000000000000000
000000000000000000000000000000000000001100000000000000001000100000011100011000000000000000000000000000000000000000000000000001000000000000000000000000110100000000000000000000000000000000000000000000000011000000000000000000000001010000000000000000000000000000000010001000100000000010000000000000010000
000000000000000000000000000000000000000000000000000000000011100000010000100100000000000000000000000000000000000000000000000000000000000000000000000011011000000000000000000000000000000000000000000000011000000000000000000000000000100000000110000000000000000000010001000001000000000010000000000001001000
000000000000000000000000000000000000101111000000000000000000000000001000110000000000000000000000000000000110000000000000000000000000000000000000000010000000000000000000000000000000000000000000000000000100100000000000000000011000000000001010000000000000000000101000100010000000000000000000000001000100
000000000000000000000000000000000001001000000000000000000000000000000000100000000000000000000000000000000110000000000000000000000000000000000000000010001000000000000000000000000000001100000000000000011101100000000000010000011000000000000010000000000001000001000100011100000000000000000000000011100100
000000000000000000000000001000110000010000000000000000000000000000110111000000000000000000000000000000000000000000000000000001100000000000000000000001100000000000000000000000000000001100000000000000000111000000000000010000000000000001100000000000000001000000111000000000000000000000000000000100011100
000000000000000000000000001000110001010000000000000000011000000000101000000000000000000000000000000000000000000000000000000001100000000000000000000000100110110000000000000000000000000000000000000000000100000000000000010000000000000110000100110000000000001100011110000000000000000000000000000011011000
000000000000000000000000001000110011000000000000111000011000000000100100000000000000000000000000000000000000000011000000000000000000000000000000000001111110000000000000000000000000000000000000011000000000000000000000000000000000000100000111001011100000001110010011000000000000000000110000110001010010
000000000000010000110000000000000000000000011100100000000000000000000100000000000011100000000000000000000000000011000000000000000000000000000000000011000110110000000000000000000000000000000000110110000000000000000111000111001000000000101110000100000001100100010011000000000000000001001100110000001001
000000000011001100101000000000000000000110100101001000000000000000000000000000000001100000000000000000000000000000000000000000000000000000000000000011000000000000000000000000000100000000000000000000000000000000000000000001010110000010000110011000100000111000110000000000000000000001101100000000000001
000000000011111000010000000000000000000000000011001100000000000001001000000000001101000000000000000001010000000000000000000000000000000000000000000000001100000000000000100000001110000110000000001010000000000000000000010000100010000000000100000000100000010000000000000000000000000001110110000010011000
000000000000100000000000000000011000000010110011001000000000000001000000000000001101000000000000000000000000000000000000000000000000000000000000000000001010000000101000100000011011000010000000000100000000000000000000010000010010000000100000001000100000000000000000000000000000000000000000001000000001
000000000000000000000000000000011000000111000001110000000000000000110000000000000110000000000000000000000000000000000000000000000000000000000000000000010011110000101001000000100000000011000000000100000000000000000000010000011100000000000010000001000000000000000000000000000000000000100000010000101110
000000000000000000000000000100000000001010000000100000010000000000010000000000000000000000000000000000000000000000000000000000000000011000000000000000001100000100101001100001010100000101111000000010000000000000000000000000000000000101100010000111000000000000000100000000000000000000010000011101000000
010000000000000000000000001010000000001011000000000000010000000000000010000000000000000000000000000000000000000000000001000001100000010100000000000000000000100100000001000001001100000101111100000110000100000000000000000000010000000100011010000000000000000000000000000000000000000000111000001000100100
101000000000000000000000010001000000001001000000000000010000010000000101000000000000000000000000000000000000000000000010100001100000001000010000000000000000010110000000000000101100000101111100000110001010000000000000000100001000000000001100000000000000011000000000000000000000111001010000000000000010
100100000000000000000000001001000010000110000000000000000000000000001000100000000000000000000000000000000000000000000010010000000011000000101000000000000000000110000000000000010000000000100000000000001001100000000000001000000100000000001100000000000000110100000000000000111000001011001000000010011100
011000000000000000000000000011101101100000000000000000000000000000111101000000000000000000000000000000000000000000000001100000000011000000101000000000000000110100000000000000000000000101000000000000000110101000000000000100100100000000000100000000000000010010000000000001001000000000010000111011011000
000000000000000000000000000011010100100000011100000000000000000001001000000000000000000000000000000000000000000000000000000000000000000000010000000000000000100000100000000000000000001000100000000000000001001000000000001000010100000001010110000000000000001100000000000010000000000111100001100110000000
000000000000000000000000010111110100100000000000000000000000000011110000000000000000000000000000000000000000000000110000000000000000000000000000000000000000011111000000000000000000011011000000000000000001011000110000000100000000000000001010000001000000000000000110000001001000000111000000100000000000
000000000000000000000000010010000001000000000000000000000000000011000000000000000000000000000000000000000000000000110000000000000000000000000000000000000110000010000000000000000000011100000000000000000000110000110000000110000000000000000011000001000000000000000110000000111000000000000000000000000000
000000000000000000000000010011001001000000000000000000000000000001000000000000000000000000000000000000000000000000000000000000000000000000000000000000000010000000000000000000000000100000000000000000000000010000000000001100000000000011000010000001000000000000000000000000000000000100000000011011000000
011100000000000000000000000100000010000110000000000000000000001101100000000000000000000000000000000000000000000000000000000000000000000000000000000000000000000000000000000100000000101000010000000101000000000000000000000000000000001100001100000000000000000000000000000000000000000010010100001100100000
000000000000000000000000000000001100001110000000000000000000000100000000000000000000000000000000000000000000000000000000000000000000000000000000000001000000000000000000001010000000101000000000000111100000000010000000000000000000001100001000000000000000000000000000000000000000001000001100000001100000
000000000000000000000000000000000101101000100000000000000000000100100001100000000000000000000000000000000000000000000000000000000000000000000000000011101000000011100000001001000000000000000001000011100000000001000000011000000000010000100000000000000000000000000000000000000000000100011000000010100000
000000000000000000000000000000000010010110100000000000000000000010100001100011100000000000000000000000000000000000000000000001000000000000000000000110101100000010100000000110000000000000000010100000101000000100100000011100110000001111000000000000000000000000000000000000000000000011100000000010100000
000000000000000000000000000000000010100010100000000000000000000001000000000000000000000000000011000000000000000000000000000010100000000000000000001100000100000011100000000000000000000000000110000000010000000101100000011000110000001110000000000000000000000000000000000000000000000000000000000010100000
000000000000000000000000000000011000000001100000000000000000000000000000001000001000000000000011000000000000000000000000000100100000000000000000000101110000000000000000000000000000000000000000111000010000000000100000000000000000000000000000000000000011000000000000100000000000110000000000000001000000
000000000010100000000000000000011000000101000000000000000000000000000000001000001000000000000100000000000000000000000000000011000000000000000000000111100000000000000000000000000000000000000001101000000001110010110000000000000010000000000000000000000011000000000011100000000000101000001100000000000000
000000001000100000000000000000000000000100000000000001110000000001100000001000001000000000000011101000000000000000000000000000000000000000000000001111000000000000000000000000000000000000000000010100000000101000100000000000000010000000000000000000000000000000000100001110000000101000001100001000000000
000000011000000000000000000000000000000000000000000010010000000010010000000000000000000000011000101000000000000000000000000000000000000000000000001000000000000000000000000000000000000000000000001110000000011100000000000000000010000000000000000000000000000000000000000101000000101000000000001000000000
000000111010000000000000000000000000000000000000000000100000000001010000000011100000000000011011001000000000000000000000000000000000000000000000000000000000000000000000000000000000000000000000001110000000010010001110000000000000000000000000000000110000000000000100001001000000110000000000001000000000
000001110110000000000000000000000000000000000000000011100000000000100000000000000000000000011100000000011000000000000000000000000000011100000000000000000000000000000000000000000000000000000000000000000000001100001100000001000000000000000000000000110000000000000000000101000000000000000000000000000000
000001101100000000000000000000001100000000000000000001100100001100000000000000000000000000010000000000011000000000000000000000000000000000000000000000000000000000000000000000000000000000000000000000000000000010000000000010100000000000000000000000000000000000000100000110000000000000000000000000000000
000000010000000000000000000000110010000000000000011000100001011011100000000000000000000000001110000000000000000000000000000000000000000001000000000000000000000000000000000000000000000011100000000000000000000000000000000010010000000000000000000000000000100000000000100000000000000000000000000000000000
000000000000000000000000000000000001000000000000100100011000100000010000000000000000000000001110000000000000000000000000000000000000000001000000000000000000000000000000000000000000000000000000000000000000000000000000000001100000000000000000000000000000100000011011000000000000000000001110000000000000
000000000000000000000000110001000000000000000100111110000001111011010000000000000000000000000000000000000000000000000000000000000000000001000000000000000000000000000000000000000000000000000000000000000000110000000000000000000000000000000000000000000001010000010011000000000000000000001000000000000000
000000000000000000000001001000000000101100000100000011000010001000100000000000000000000000000000000000001000000000000000000000000001100000000000000000000000001100000000000000000000000000000000000000000000110000000000000000000000000000000000000000000000000000011100000000000000000001011000000000000000
000000000000000000000011011000000000110000000100000101000000000000000000000000000000000000000000000000010100000000011000000000000001100000000000000000000000001100000000000000000000000000000000000000000000000000000000000000000000000000000000000000000000110000000110000000000000000001110000000000000000
000000000000000000000010001000100011101000000000000010000000000000000000000000000000000000000000000000001000000000100100000000000000000000000000000000000000000000000000000000000000000000000000000000000000000000000000000000000000000000000000000000000000010000000111000000000000000000100000000000000000
000000000000000000000001100100100011011000000000000000000000000000000000000000000000000000000000000000000000000000011000000000000000000000000000000000000000000000000000001000000000000000000000000000000000000000000000000000000000000000000000000000000000010000000000110000000000000000000000000000000000
000000000000000000000000001000001111001000000000000000000000000110000000000000000000000000000000000000000000000000000000000000000000000000100000000000000000000000000000001000000000000000000000000000000000000000000000100000000000000000000000000000000000000000000100010000000000000000000000000000000000
000000000000000000000000000000000010110000000000000000000000001110000000000000000000000000000000000000000000000000000000000000000000000000100000000000000000000000000000001000000000000000000000000000000000011000000001010000000000000000000000000000000011001000000101110000000000000000000000000000000000
000000001100000000000000000000000000000000000000000000011100001010000000000000000100000000000000000000000000000000000000000000011100000000000000000000000000000000000000000000000000000000000000000000000000101000000010010000000000000000000000000000000000010000000111100000000000000000000000000000000000
000000001100000000000000000000000000000000000000000011000000001111110000000000001001000000000000000000000000000000000000100000001010001010000001100000000000000000000011100011100000000000000000000000000000010000000001100000000000000011100000000000000100010000000100000000000000000000000000000000000000
000000000000000000110000000000000000000000000000000000000000000000101100000000010001000000000001010000000000000000000000100010010110010010100001110000000000000000000000000000000000000000000000000000000000000000000000000000000000000010001000000000001000000000000000000000000000000000000000000000010000
000000000000000001001000000000000000000000000000000010001000000000000000000000010001100000000110000000000110000000000000100010110100100001110001100000000000000000000000001000000000000000000000000000000000000000000000000000000000000001100100010000001011000000000000000000000000000000000000000000011000
000000000000000000110000000000000000000000000000000001110000000001100000000000001100110000000100000000000110000000000000011100001000010100111000000000000000111000000000001000000000000000000000000001100000000000000000000000000000000000100100010110010001101000000000000000000000000000000000001000111100
000000000000000000000001100000000000000000000000000000000000000010101000000000000110000000000010000000000000000000000000000100000000001000000010000000000000000000000000001000000000000000000000000001100000000000000000000000010000000000010010000010101001001000000000000000000000000000000000000000000110
000000000000000000000001100000000000000000000000000000000000000000010100000000000000000000000010010000000000000000000000111000000000000000000010000000000010000010000000000000000000000000000000000000000000000000000000000000111000000011010100101000001100000000000000000000000000000000000000001111000011
000000000000000000000000000000000000000000000000000000000000000000001010000000000000000000000111111000110000000000000010011000000000000000000000000000000010000010000000000000000000000000000000000000000000000000000000000001000100000011001010100100000110110100000000000000000000000000000000000100000111
000000000000000000000000000000000000000000000000000000000000001100001100000000000000000000000111001100110000000000000010000000000000000000000000000000000010000010000000000000000000000000000000000000000000000000000110100000110010000000000110110100100000001100000000000000000000000000000000000000011011
000000000000000000000000000000000000000000000000000000000000010010011100000000000000000000000000000100000001110000001100000000000000000000000000001100000000000000000000000000000000000000000000000000000000000000001000110000011100000000000000110011001100001010000000000000000000000000000000000000001010
000000000000001110000000000000000000000000000000000000000000010001100000000000000000000000000000011100000010010000000000000000000000000000000000001100000000111000000000000000000000001110000000000000000000000000010000111000000000000000000001100000001000000100000000000000000000000000000000000000000100
000000000000000000000000000000000000000000000000000000000000000000001011100000000000000000000000000000000010010000000001100000000000000000000000000000000000000000000000000000000000000000000000000000000000000000010011110110000000000000000000000000001000001010000000000000000000000000000000000000000000
000000000000000000000000010000000000000000000000000000000000000000100000000000000000000000000000000000000001000000000000000000000000000000000000000000000000000000000011000000000000000000000000000000000000000000010011001000000000000000000000000000000000000100000000000000000000000000000000000000000000
000000000000000000000000101000000000000000000000000000000000011000100000001000000000000000000000000000001000001100001110000000010000000000011011000000000000000000000011000111000000000000000000000000000000000000001010110000000000000000000000000000000000000000000000000000000000000000000000000000000000
000000000000000000000000110000000000000000011100000000000000100010011000001100000000000000100000000000010100001100000100000000111000000000011011000000000000000011000011100000000010000000000000000000000000000000000001110010000000000000000000000000001000000000000000000000000000000000000000000000000000
000000000000000000000000000000000000000000000000000000000001001110010000001000000000000001010000000000001100001100000000000001011000000000000100000000000000000011000000100111010011000000000000000000000000000000000000110010000000000000000000000000110110000000000000000000000000000000000000000000000000
000000000000000000000000000000000000000001000001000000000000110100100001110000000000000001001000000000000000000000000000000011010100000000000000000000000000000000000011010000010001100000000000000000000000000000000000111001000000000000000000000000001000000000000000000000000000000000000000000000000000
000000000000000000000000000000000000000001000001000000000000110010100000100000000000000000111100000000000000000000000000000010111000000000000000000000000000000000000001000000000000000000000000000000000000000000000000001110000000000000000000000000000000000000010000000000000000001100000000000000000000
000000000000000000000011000000000000000001000001000000000000000011000000000000000000010000011110000000000000000000000000110100110110000000000000000000000000000000010101000000000000000000000000000000000000000000011100001110000000000000000000000000000000000000100000000000011000001001000000000001000000
000000000001100000000100100000000000000000000000000000000000000000000000000000000000101000001010000000000000000000000000010111100011000000000000000000000000000000000001001000000000000000000000000000000000000000011000000100000000000000000000000000000000000000100000010000100100001001000000000010100010
000000000001100000001111110000000000000000000000000000000110000000000000000000000000110000011100000000000000000000000000000011110011000000000000000000000000000000011000111000000000000000000000000000000000000000001000000000000000000000000000000000000000000000000000101000100110000001000000000001100101
000000000000000000001100110000000000000000000000000000000000000000000000000000000000000000000000000000000000011000000000011000001110000000000000000000000000000000111000010000000010000000000000000000000010000001111011000000000000000000000000000000000000000000000000010000011001100010000000000000000101
000001000000000000001101000000000000000000000000000000000000000000110000000000000000000000000000000000000000100100000000000001101000011000000000000000000000000000000000000000000110000000000000000000000010000001101000000000000000000000000001100000000000000000000000000000000001000100000000000000000010
000010100000000000000100000110000000000000000000000000000000000000110000000000011100000000001000000000000000011000000000000001110000111000000000000000000000000000000000000000001110000000000000000000000010000000000000000000010000000000000001100000000000101000000000000000000000111000000000000000000000
000010100000000000000100000110000000000000000001100000000000000000000000000000000000000000001100000000000000000000000000000001100000100000000000000000000000000000000000000000001000000000000000000100000000000000010000000101100000000000000000000000000000110001000000000000000000000000000000000000000000
000001000000000000000011000000000000000000000010100000000000000000000000000000000000000000000100000000000000000000000000000011100011100000000000000000000000000000000000000000101000000000000000001010000000000000110000001010110000000000000000000000000000111000010000000000000000000000000000000000000000
000000000000000001100000000000000000000000000011000000000000000000000000000000000000000000000000000000000000000000000000000000000000000000000000000000000000000000000000000000001000000000000000000110000110000000000000010001010000000010000000000110000000001000001100000000000000000000000000000000000000
000000000000000010000000010000000000000000000000000000000000000000000000000000000000000000000000000000000000000000000000000000001000000000000000000000000000000000000000000000110000000000000000000000000110000000000000010000000000000101000000000110000000011000001000000000000000000000000000001100000000
000000000000000000000000001100000000000000000000000000000000000000000000000000000000000000000000000000000000000000000000000000001000000000000110000000000000000000000000000000000000000000000000000000000000000000000000110000000000001000010000100000011000010000101010000000000000000000000000010010000000
000000000000000011010000000000000000000000000000000000000000000000000000000000110000000000000000000000000000000000000000000000001000000000001001000000000000000000000000000000000000111000000000000000000000000000000000001000000000000100000010100000011100000000100100000000000000000000000000001100000000
000000000000000100111000000000000000000000000000000000000000000000000000000000110001110000000000000000000000111000000000000000000000000000001001000000000000000000000000000000000110111010000000000000000000000000000000111000000000000110000010100000101000011000110100000000000110000000000000000000000000
000001000000000000001000000000000000000000000000000100000000001100000000000000000001001000000000000000000000000000000000000000000000000000000110000000110000000000000000000000000011101101000000000000000000000000000000111000000000001010000000100000110000001000100000000000001010000000000000000000000000
000010100000000001111000000000000000000110000000100110000000011100000000000100000000011000000000000000000000000000000000000000100000000000000000000001010000000000000000000000000001000101000000000000000000000000000000110000000000010001101111100000000000001001000000000000000100000000000000100000000000
000010100000000000010000000000000000000110000000100100000000001010000000010000001000111000000000000000000000000000000000000010110000011000000000000000100000000000000000000000000000000010000000000000000000000000000000000000000000001001000001000000000000000010000000000000000000000000000001010000000000
000001000000000000000000000000000000000000000000010000000000000110000000001011110001000000000000000000000000000000000000000010001000100100000000000000000000000000000000000000000001000000000011000000000000000000000000000000000000000000000000000000000000000000000000000000000000000000000010001000000000
000000000000000000000000000000000000000000000000000000000000000000000000000111000001100000000000000000000000000000000000001000000100011000000000100000000000000000000000000000000010100000000100100000000000000001100000000000000000000000000000000000000000000000000000000000000000000000000010000000000000
000000000000000000000000000000000000000000000011000001000000000000000000000000000011100000000000000000000000000000000000001001100110000000000001010000000000000000000000000000000010100000000011000000000000000110110000000000000000000000000000000000000000000000000000000000000000000000000011000000000000
000000000000000000000000000000000000000000000011000000000000000000000000000000000000000000000000000000000000000000000000001010000000000000000001010000000000000000000000000000000001000000000000000000000000000000001000000000000000000000000000000000000000000000000000000000000000000000000001010010000000
000000000000000000000000000001100000000000000011000000000000000000000000001100000000000000000000000000000000000000000000000110000000000000000000100000000000000000000000000000100000000000000000000000000000010001110000000000000000000000000000000000100000000000000000000000000000000000000001001010000000
000011000000000000000000000001100000000000000000000000000000000000000000001010000000000000000000000000000000000000000000000011100000001000000000000000000000000000000000000001110000000000000000000000000000010110100000000000000000000000000000000001110000000000000000000000000000000000000000001100000000
000010100000000000000000000000000000000000000000000000000000000000000000000110000000000000000000001000000000000000000000111110100000010100000000000000000000000000000000000011111000000000000000000000000000000110000000000000000000000000000000000010011000000000000000000000000000000000000001101100000000
000001100000000000000000000000000000000001100000000000000000000000000000000000000000000000100100001000000000000000000001010100100000001100000000000000110000000000000011000110001100000000110000000000000001100101000000000000000000000000000000000011101000000000000000000000000000000000000001101000000000
000000000000000000000000000000000000000010010000000000000000000000000000000000000000000001100100001000000000000000000000000000000000000000000000000000110000000000000111001110001110000001001000000000000010011101000000000000000000000000011000001101011000000000000000000000000000000000000000101000000000
000000000000000000000000000000000000000001100000000000000000000000000000000000000000000000110000000011000000000000000000000000000000000000000000000000110000000000011100000110001100000000110000000000000001011001000000000000000000000000111100010010000000000000000000000000000000000000000000011000000000
000000000000000000001110000000000000000000000000000000000000000000000000000000000000000000010001000011000000000000000000000000000000000000000000000000000000000011001000000011111000000000000000000000000000100000000000011000000000000001111010110110000000000000000001110000000000000000000000000000000110
000000000000000000010001000000000000000000000000000000000000000000000000000000000000000000010010000110000000000000000000000000000000000000000011000000000000000011000000000001110000000000000000000000000000001010000000011000000000000000101100001000000000000000000000111000000000000000010000000000001010
000000000000000000000000000000000000000000000000000000000000000000000000000000000000000000000100001010000010000000000000000000000000000001100011000000000000000011001000000000100000000000000000000000000000101100000000000000111000000000011100000000000000000000000000000000000000000000110000000000000100
000000000000000000011011001110000000000000000000000000000000000000000000000000000000000000000000010010000101000000000000000000000000000001100000000000000000000000011000000000000000000000000000000000000000100110000000000000000000000100101000000000000000011000000000000000000000000000100000000000000000
110000000000000001000100001010000000000000000000000000000000000000000000000001000000000000000000100001110001000000000000000000000000000000000000000000000000000000000000000000000000000000000000000000000000010000000000000000000000001110001000000000000111000000000000000000000000000000010000000000000000
110000000000000001000000001110000000000000000000000000000000000000000001100010100000000000000000000000000100100000000000000000000000000000000000000000000000000000000000000000000000000000000000000000000000111000000000000000000000001011000100000000101111001000000000000000000000000000011011100000000000
000000000000000001000000000000000000000000000000000000000000000000000010010110110000000000000000111110100101000000000000000000000000000000000100000000000000000000000000000000000011000000000000000000000011000000000000000000000000000000000100000000000000000001110000000000000000000000110000000000000000
000110000000000000000000000000000000000000000000000000000000000000000001100000101000000000100000110001001010000000000000000000000000000000001010000000000000000000000000000000001011100000000000011000000011001000000000000000000000000001111000000000000010000010100000000000000000000001101000000000000000
001001000000000000000000001100000000000000000000000000000000001100000000000000101000000001100000011000010000000000000000000000000000000000001010000000000000000000000000011000001000010000000000011000000111110010000000000000000000000001100000000110000010000000010000000000000000000001100000000000000000
000101000000000000000000010010000000000000000000000000000000001100000000000000111000001111100011010000000000000000000000000000000000000000000100000000000000000000000000100100000110001000000000000000001100011010000000000000000000000000000000000000000010000000000000000000000000000000000000000000000000
000010000000000000000000001010000000000000000000000000000000000000000000000000000000010010000100000100000100000000000000000000000000000000000000000000000000000000000000011000010010110000000000000000001101000100000000000000000000000000000000001110000010000101000000000000000000000000000000000000000000
000000000000000000000000000100000000000000000000000000000000000000000000000000110010100010000110111000001010000000000000000000000000000000000000000000000000000000000000000000111110010000000000000000000101000000000000000000000011000001100000000000000001111011000000001000000000000000000000000000000000
000000000000000000000000000000000000000000000000000000000000000000000000000000111010100100100001110000011011000110000000000000000000100000000000000000000000000000000000000001001000110000000100000000000011000100000000000000000110100010110000000011000000010111100000011000000000000000000000000000000000
000000000000000000000000000000000000000000000000000011000000000000000000001110111010111000101000000000010010001010000000000000000000100000100100000000000000000000000000000000100001001000011011000000000000010000000000000000001001110111001000001000010000001000100001100010000000000000000000000000000000
000000000000000000000000000000000000000000000000000100100000000000000000000000000001000000100010000000010100010010000000000000000000100001100110000000000000000000000000001100011000101000011011000000000000010000100000000000011000011100001100001000010000000111100010010001000000000000000000000000000000
010000000000000000000000000000000000000000000000000100100100000000000000000000000110000000000010000000011100010000000000000000000000000000100100000000000000000000000000001100001110110000000000000000000000000000000000000000001100001000011000001000010000000011000011111111000000000001101000000000000000
101000000000000000000110000000000000000000000000000000111010000000000000000000000000000000100010000000000000000000000011000000000000000000000000000000000000000011100000000000000111100000000000000001110000011000000000000000000100000000010000001001100000000000000001111100000000000100001000000000110000
101000000000000000001001000000000000000000000000010001001010000000000011100000000000000000000000000110000000001100000011100000000000000000000000000000000000010011100000000000000000000000000000000000000010100000000000000100000001000001000000000101000000000000000000000000000100001000101000000000110000
010000000000000000001001000000000000000000000110000010000100000000000000000000000000000000110000000110000000000000000011000000000011000000000000000000000000101000000000000000000100010000000000000000000100010100100000001010000000000000000000000010000000000000000000000000001010001110000000000000000000
000000000000000000000110000000000000000000000100000000000000000000001000001000000000000000000000000110000100000000000001000000000011000000000000000000000001101100000000000000000100011000000000000000001000011010010000010010000000011100000000000000000000000000000000000000001010000000000000000000000000
000000000000000000000000000000000000000000000010010000000000000000001000001000000000000000000100000000000100000000000101100000000000000000000000000000000001101100000000000000000000001000011000000000001001100010100000001100000000001000000000110000000000000000000000000000000100000000000000000000000000
000000000000000000000000000000000000000000000000000000000000000000001000001000000000000000001010000010000000000000000111000000000000000000000001110000000000101000000000000000010011110000011000000000000110000111000000000000000000001000000000100010000000000000000000000000000000000000000000000000000000
000000000000000000000000000000000000000000000000000000000000000000000000000000000000100000010010000011101100000000000000000000000010000000000110001000000000010001100000000000010011000000000000000000000000000110000000000000000000000000000000000001000000000000000000000000000000000000000000000000000000
000000000000000000000000000000000000000000000000000000000000000000000011100000000000100000001100011001010000000000000000000000000101000000001010001000000000000000110000000000000000000000000000000000000000000000000000000011000000000000000000100101100000000000000000000000000000000000000000000000000000
000000000000000000000000000000000000000000000000000000000000000000000000000000000000100000000000011100011100000000000000000000000101000000001001110000000000000000010000000000000000000000000000000000000000000000000000000011000000000000010000111001100000000000000000000000000000000000000000000000000000
000000000000000000000000000000000000000000000000000000000000000000000000000000000000000000000000000001100000000000000000000000000010000000000100111000000000000000000000000000000000000000000000000000000000000000000000000000000000000000010000000000000000000000000000000000000000000000000000000000000000
000000000000000000000000000000000000000000000000011000000000000000000000000011000000000000000000010101000000000000000000000000000101000000000000001110000000000000000001110000000000000000000000000000000000000000000000000000000000000000001000000000000000000000000000000000000000000000000000000000000000
000000000000000000000000000000000000000000000001111100000000000000000000000101000000000000000000011110000000000000000000000000000111000000000000010000000000000000000000000000000000000000000000000000000000000000000000001100000000000000000000101000000000000011100000000000000000000000000000000000000000
000000000000000000000000000000000000000000011001011110000000000000010000000010000000000000000000000100000000000000000000000000000101100000000000101000000000000000000000000000000000000010000000100000000000000000000000010010000000000000000000101111000000000011011011000000000000000000000000000000000000
000000000000000000000000000000000000000011001001000000000000000000101000000000000000000000000000000000000000000000000000000000000000000000000000010000000000000000000000000000000000000101000000100000000000000000000000001100000000000000000000000011000000000011100000100000000000000000000000000000000000
000000000000000000000000000000000000000011011000100000000000000000011000000000000000000010000000000000000000000000000000000000000000000000000000000000000000000000000001000000000000001001000000100000000000000000000000000000000000000000000000100011000000000000000000100000000000000000000000000000000000
000000000000000000000000000000000000000100011010011000000000000000000000000000000011100010000110100000000000000000000000000000000000000000000000000000000000000000000010100000000000000110000000000000000000000000000000000000000000000000000000011001110000000000000000110000100000000000000000000000000000
000000000000000000000000000000000000000011101001000000000000000000000000000000000100011010000110001000000011000000000000000000000000001100001100000000000000000000000010100000000000000000000000001110000000000000000000000000000000000000001000000000110000000000000000000000100001000000000000000000000000
000000000000000000000000000000000000000011001101000000000000000000000000000000001100010000010000001000000011000000000000000000000000010010010010000000000000000000000001000000000000000000000000000000000000010000000000000000000000000000010000000000000000000000000000000000100011100000000000000000000000
000000000000000000000000000000000000000000000100000000000000000000000000000000000100010000110011100100000000000000000000011111000000001100001010000000000000000000000000000000000000000000000000100000000000011000000000000000000000000000010100000000000000000000000000000000000101110000000000000000100000
000000000000000000000000000000000000000000000100000000000000000000000000000000000100000001000001000000000000000000000000000111001100000000000100000000000000000000000000000000000000000000000000100000000000101001100000000000000000000000001100000000000000000000001010001110000100011000000000000011011000
000000000000000000000000000000000000000000000010100000000000000000000000000000000010010001011000000000000000000000000000000000001100000000000000000000000000000000000000000000000000000000000000100000000000001101100000000000000000000000000000000000000000000000001010000000000011101000000000000100000100
000000000000000000000000000000000000000000000001000000000000000000000000000000000001110101110000000000000000000000000000000100000000000000000000000000000000000000000000000000000000000000000000000000000000011100000000001100000000000000000000000000000000000000000010000000000001110000000000000100000010
000000000000000000000000000000000000000000000000000000000000000000000000000000000000011000000001000000000000000000000001101100000000000000000000000000000000000000000000000100000000000000000000000000000000011000000000001100000000000000000110000000110000000000000000000000000000000000000000000111010010
000000000000000000000000000000000001100000000000000000000000011100000000000000000000000000000110110000000000000000000001100110000000000000000000000000100000000000000000000100000000000000000000000000000000111000000000000000000000000000001001000001001000000000001010000000000000000000000000000000001001
000000000000000000000000000000000010010000000000000000000000000000000000000000000000000000000000110000000000000000110000001110000000000000000000000001010000000000000000010000000000000000000000000000000001011000000000000000000000000000000110000000110000000000000010000000001000000000000000000000000110
000000000000000000000000000000000001100000000000000000000000000000000000000000000000000000000100011000000000000011001000001110000101000101100000000001010000000000000000010100000000000000000000000000000001001000000000000000000000000000000000000000000000000000000110100000001000000000000000000000000000
000000000000000000000000000000000000010000000000000000000000000000000000000000000000000000000011100000000011100110001000100100000100000100100000000000100000000000000000000000000000000000000000000000000010010000000000000000000000000000000000001000000000000000000010110000000110000000000000000000000000
000000000000000000000000000000000000100000000000000000000000000001000000000000000000001110100000000010000000101000001000001000000000000000100000000000000000000000000000000010000000000000000000011110000010100000000000000000000000000000000000010100000000000000000010010000000010000000000000000000000000
000000000000000000000000000000000000100000000000000000000000000001000000000000000000001101000000000000000001000110110010001000000101000000000000000000000000001000001010000001110000000000000000110010000011100000000000000000000000000000000000010100000000000000000011011000000010000000000000000000000000
000000000000000000000000000000000000000000000000000000000000000001000000000000000000001100000000000000000000000011100010100000001100000000000000000000000000001000001000000001110000000000000001100100000000000000000000000000000000000000000000001000000000000000000011011000000000000000000000000000000000
000000000000000001000000000000001110001110000000000000000000000000000000000000000001100000000011001110000000000000000010000000000100110000000001100000000000001000011011100000010000000000000000100100000000000000000000000000000000000000000000000000000000000000000000001000000000000000000000000000000000
000000000000000010100000000000000000000000000000000000000000000000000000000000000001100000000111000000100000000000000000000000000011000001110001010000000000000000001100100000000000000000000000011000000000000000000000000000000000000000000000000000000000000000000100001000000000000001100000000000000000
000000000000000110110000000000000000000000000000000110000000000000000000000000000000000000000110001101001000000000000000000000000001000001110011001000000000000000000000010000100000000000000000000000000000000000000000000001100000000000000000000000000000000000000100001000000000000001100000000000000000
000000000000001000010000000000000001000000000000001001000000000000000000000000000000000000001100000011011010110000000000000000000000000010110001000100000000000010000000001001000000000011000000000000000000000000000000000001100000000000000000000000000000000000000001000100001000000000000000000000000000
000000000000001001101000000000000010100000000000001010000010000000000000000000000000000000000000000000010001100001100000000000000000000011010000101000000000000101000000000110001110001111000000000000011000000000000000000000000000000000000000000000000000000000000101010100010100000000000000000000000000
000000000000010001001101000000000100000000000000000100000111000000000000000000000000000000000000000000000000000001110000000000000000000001110000010000000000000110000001011000001010010001000000000000100100000000000000000000000000000000011000000000000000000100001001000000010100000000000000000000000000
000000000001111110010101100000000011000000000000000000001111100000000001000000000000000000000000000101000000000011100000001000000000000000000000000000000000000000000001110000010001100100000000000000100100000000000000000000000000000000011100000000000000000100000100010000001000000000000000000000000000
000000000000100110011000100000000000000000000000000000011000110000000010100000000000000000000000001001000000000011000000011100000000000000000000000000000000000000000000000000001011000011100000000000011000000000000000000000000000000000100100000000000000000100000110110000000000000000000000000000000000
000000000000010010011000000000000000000000000000000000001111100000000000010000000000000000000000000000110001110011000001100010000000000000000000000000000000000000000000000000000000101000000000000000000000000000000000000000000000000000101100000000000000000000000001000000000000000000000000000000000000
000000000000000010001000000000000000000000000000000000000111000000000001110000000000000000001110000000100000000000000010110110000000000000000000000000000000000000110000000000001101100000000000000000000000000000000000000000000000000000011000000000000000000000000000000000000000000000000000000000000000
000000000000010001100000000000000000000000000000000000000010000000000000011000000000000000010000000110100100000000000010100000100000000000000000000000000000000000110000000110110001100000000000000000000000000001000000000000000000000000000000000000000000000000000000000000000000000000000000000000111000
000000000000001101100000000000000000000000010000000000000000000000000000110000000000000000010010000001000100000000110011000001100000000000000001000000000000000000000000001110010000000000000000000000000000000111100000011100000000000000000000000000000000100000000000000000000000000000000000000000000000
000000000000000101000000000000000000000000100011000000000000000000000000000110000000000000100100000000100100000000010100000000000000000000000001000000000000000000000000001101100000000000000000000000000000000110010000000000000000000000000000000000000001010000000000000000000000000000000000000010000010
000000000000001000010000000000000000010000100000100000000000000000000000000000000000000000101000000000111000000000001000000000000000000000000001000000000000000000001100110000000000000000000000000000000000001000100000000000000000000000000000000110000001010000000000000000000000000000000000000010000010
000000000000001011010000000000000000101000110000010000000000000000000000100000000000011000000000000000000000000000000000000000000000000000000000000000000000000000010100000000000000000000000000000000000000001000100000000100000000000000000000001010000000100000000000000000000000000000000000000010000010
000000000000001100011000000000000001000000100100001000000000000000000000100000000000011000000100000000000000000000000000000000000000000000000000000000000000000000010000011000000000000000000000000000000000000101000000001111000000000000000000000100000000000000000000000000000000000000000000000000000000
000000000000000010101000000000000000001001000000001000000000000000000000100000000110000000010110011000000000000000000000000000000000000000000000000000000000000000011000000000000000000000000000000000000000000010000000010000100000000000000000000000000000000000000000000000000000000000000000000000111000
000001100000000000011000000000000010010000000000111000000000000000000000000000000010000000001100010000000000000000000000000110000000000000000000000000000000000000000000000000000000000000000000000000000000000000000000001100110000000000000000000000000000000000000000000000000000000000000000000000000000
000000000000000010000000000000000001100000110010000000000000000000000000000000110010000000000011000000000000000000000000000110000000000000000000000000000000000000000000000000000000000000000000000000000000000000000000000110000000000000000000000000000000000000000000000000000000000000000000000000000000
000011101000000010010000000000000000000000011010000000000000000000000000000001100000000100000000000100000000000000000000000000000000000000000000000000000000000000000000000000001000000000000000000000000000000000000000000010010000000000000000000000000000000000000000000110001000000000000000000000000000
000011001100000001010000000000000000000000001100000000000110000000000000000001110010000100000010001000000000000000000000000000000000000000000000000000000000000000000000000000001000000000000000000000000000000000000000000001010000000000000000000000010000000000000000000111011100000000000000000000000000
000000011010000000011000000000000000000000000000000000000110000000000000100001100000011110000011110000000000000000000000000000000000000000000000000000000000000000000000000000001000000000000000000000000000000000000000001000000000000000000000000001101100000000000000000000110110000000000000000000000000
000000000000000000100000000000000000000000000000000000000000000000000001100001011111110000000001000000000000000000000000000000000000001100000000000000000000000000000000000000000000000000000000000000000000000000000000001000000000000000000000000001101010000000000000000000011100000000000110000000000000
000000000000000000000000000000000000000000000000000000000000000000000001101100010000001000000000000000000000000000000000000000000000010010000000100000000000000000000001100000000000000000000000000000011000000011000000001000000000000000000000000000101110000000000000000000001000000000000110000000000000
000000000000000000000000000000000000000000000000000000000000000000010000000000000000101000000000000011000000000000000000000000000000010100000000100000000000000000000001100000000000000000000000000000100100000100100000000000000000000000000000000000101110000000000000000000000000000000000000000000000000
000000000000000000000000000000000000000000000000000000000000000000110000000000010000001000000110000011000000000000000000000000000000001000000000100000000000000000000000000000000000000000000000000000011000000011000000000000000000000000000000000000010000000011000000000000000000000000000000000000000000
000000000000000000000000000000000000000000000000000000110000000000100100001100000000000000001001000000000000000000000000000011000000000000000000000000000000000000000000000000000000000000000000000000000000000000000000000000000000000000000000000000000000000111000000000000000000000000000000000000000000
000000000000000000000000000000000000000000000000000000110000000000111100000110000010000000000110000000000000000000000000000101000000000000000000000000000000000000000000000000000000000000000000000000000000100000000000000000000000000000000000000000000000000100010000000000000000000000000000000000000000
000000000000000000000000000000000000000000000000000000000000000000010000000100000001000110000000000000000000000000000000000010000000000000000000000000000000000000000000000000000000000000000000000000000001010000000000000000000000000000000000000000000000000011101000011000000000000000000000011100000000
000000000000000000000000000000000000000000000000000000000000000000011011000011000000000110000000000000000000001000000000000000000000000000000000000000000000000000000000000000000000000000000000000000000001010000000000000000000000000000000000000000011000000000101100011000000000010000000000010010000000
000000000000000000011000000000000000000000000000000000000000000000001111100011010000000000000000000000000000101000000000000000000000000000000000000000000000000000000000000000000000011000000000000000000000100000000000000000000000000000000000000000011100010000010000000000000000010000000000100001000000
000000000000000000011000000000000000000000000000000000000000000000000111000010010100000000000000000000110000011000000000000000000000000000000000000000000000000000000000000000000000100100000000000001100000000000000000000000000000000000000000000000001110000000000000000011000000010000000010000110000000
000000000000000000000000000000000000000000000000000000000000000000000001001011001100000000000000000000110000000000111000000000000000000000000000000000000000000000000000000000000000011000000000000001100000000000000000000000000000000000000000000000001101000000000000000011000000000000000100011100000000
000000000000000000000000000000000000000000000000000000000000000000000001011011000000000000000000000000000000000000100000000000111000000000000000000000000000000000000000000001100000000000000000000000000000000000000000000000000000000000000000000000001101000000000000000000000000000000000000001000000000
000000000000000000000000000000000000000000000000000100000000000000000010000000000000000000000000000100000000000000010000000000100100000000000000000000000000000000000000000010010000000000000000000000000000000000000000000000000000000000000000000000001101100000000000000000000000000000000100001000000000
000000000000000000000000000000000000000001110000001010000000000000000001100000000000000000000000010100001110000000000000000000100010000000000000000000000000000000000000000010010000000111000001110000000000000000000000000000000000000000000000000000000010000000000000000000000000000111000001100000000000
000000000000000000000000000000000000000000000000001010000000000000000000000000000000000000000000010100000000000000000000000000000010000000000010000000000001100000000000000001100000001001100011001000000000000000000000000000000000000000000000000000000000000000000000000000000000000111000000000000000011
000100000000000000000000000000000000000100000100000100000000000000000000000011100000000000000000110100000000000000000000000000100010000000000001000000000001100000000000000000000000010011010101100100000000000000000000000000000000000000000000000000000000000000000000001000000000001000111000000000000011
001010000000000000000000000000000000000100000100000000000000000000000000000011000000000000000001001000110000000000000000000000100100000100001010000000000000000000000000000000000000011001100011001100000000000000000000000000000000000000000000000000000000000000000000010100001100000000011000000000000000
001010000000000000000000000000000000000100000100000000000000000001000001100000000000000000000001101101110000000000000000000000111000000100111000000000000000000000000000000000000000100011000001100010000000000000000000000000000000000000000000000000000000000000000000010100001100000010100000000000000000
000100000000000000000000000000000000000000000000000000000000000001000000010000000000000000000000000001000000000000000000000000000000000001110000000000000000000000000000000000000001110010000000100111000000000000000000000000000000000000000000000000000000000000000000001000000000000011101100000000000000
000000000000000000000000000000000000000001110000000000000000000001000001110000000000000000000000001001000000000000000000000011000000110001110100000000000000000000000011000000000011011100000000011101100000000000000000000000000000000000000000000000000000000000000000000000000000000000011110000000000000
000000000000000000000000000000000000000000000000000000000000000000000000111011010000000000000000010000000000000000000000000011000000110010011000000000000000000000000011000000000110000001000001000000110000000000000000000000000000000000000000000000000000000000000000000000000000000010010011000000000000
000000000000000000000000000000000010000000000000000000000000000000000000101001011000000000000001100011000000000000000000000000000000011100000000000000000000000000000000000000000010100110000000110010100000000000000000000000000000000000000000000000000000000000001100000000000000000001010001100000000000
000000000000000000000000000000000101000000000000000000000000000000000001101100011000000000000010000000000100000000000000000000000000001000000000000000000000000000000000000000000001100111000001110011000000000000000000000000001010000000000000000000100000000000010010000000000000000011110001110000000000
000000000000000000000000000000000010000000000000000000000000000000000000110000000011100001100001000100001010000000000000000000001000000000000000000000000000000000000000000000000000000000000000000000000000000000000000000001000000000000000000000001010000000000001100000000000000001010000001100000000000
000000000000000000000000000000000000000000101011100000000000000000000000110000000001100001100001001000001010000000000000000000001000000000000000000000000000000000000000000000000000000000000000000000000000000000000000000011011000100000000000000000100000000000000000000000000000001000110011000000000000
000000000000000000000000000000000000000011001010100000000000000000000000000000000010010000000000111000000100000000000000000000000000000000000000000000000000000000000000000000000000000000010100000000000000000000000000000100110111100000000000000000000000000000000000000000000011001000111110000000000000
000000000000000000000000000000000000000001000101000000000000000000000000010010000111100000000000000000000000110000000001000000000000000000000000000000000000000000000000000000000000000000010100000000000000000000000000000110000011000000000000000000000000000000000000000000000000000000100100000000000000
000000000000000000000000000000000000000000110000000000000000000000000000001110000100000000000000000000000001010000000010100000000000000000000000000000000000000000000000000000000000000000010100000000000000000000000000000100000010000000000000000000000000000000000000000001110001110001000000000000000000
000000000000000000000000000000000000000011001000000000000000000000000000000011001110000000000000000000000001100000000010100000000000000001100000000000000000000000000000000000000000000000001000000000000000000000011100000001000001100000000000000000000000000000000000000001010000110010000000011100000000
000000000000000000000000000000000000001111100000000000000000001100000000000011000000000000000000000000000000000000000001000000000000000001010000000000000000000000000000000000000000000000000000000000000011100000110110001000000000000000000000000000000000000000000000010001110000001100000000000000000000
000000000000000000000000000000000000111010110000000000000000001100000010000001100000000000000000000000000000000000000000000000000000000000100000000000000000000000000000000000000000000000000000000000000100010000110110001100011011100000000000000000000000000000000000100000000000000000000000000000000000
000000000000000000000000000000000000000000010000001100000000000000000101100000000000000000000000000000000000000000000000000000000000000000000000000000000000000000000000000000000000000000000000000000000100010000001000010000100110000000000000000000000000000000000001001000000000000000000000000000100000
000000000000000000000000000000000000000000001100001110001100000000000000010000000000000000000000000000011000000000000000000000000000000000000000000000000000000000000000000000000000000000000000000000000100010000000000011000100010000000000000000000000000000000000001000111000000000000001110000001010000
000000000000000000000110000000000000000000001100011010111011000000000010010000000000100000000000000000011000000000000000000000000000000000000000000000000000000000000000000000000000000000000000000000000011100000000000000000010100000000000000000000000000000000000001100001000000000000000000000001100000
000000000000000000001001000000000000110000000110011010101000000000000001110000110001010000000000000000000000000000000000000000000000000000000000000000000000000000000000000000000000000000000000000000110000000000000000000000001000000000000000000000000000000000000000000010000000000000000000000000000000
000000000000000000000110000000000000111000000000000100100001000000000000000001001010010000010000000000000000000000000000000000000000000000000000000111000000000000000000000000000000000000000000000000110000000000000000000000000000000000000000000000000000000000000000011100000000000000000000000000000000
000000000000000000000000000000000000000110000100000000011110000000000000000001010001100000010000000000000000000000000000000000000000000000000000000000000000000000000000000000000000000000000000000000000000000000000000000000000000000000000000000000000000000000000000000000000000000110000000000000000000
000000000111000000000000000000000000000110001000000000001000000000000000000000100000000000010000000000000000000000000000000000000000000000000000000000000000000000000000000000000000000000000000000000000000000000000000000000000000000000000110000000000000000000000000000000000000000110000000000000000000
000001100000000000000000000000000000000010010000000000000000001100000000000000000000000000000000000000000000000000000000000000000000000000000000000000000000000000000000000000000000000000000011100000000000000000000000000000000000000000001001000000000000000000000000000000000000000000000000000000000000
000001100000000000000000000000000000000001110000000000000000001100000000000000000000000000000000000000000000000000000000000000000000000000000000000000000000000000000000000000000000000000000000000000000000000000000000000000000000000000001110000000000000000000000000000000000000000000000000000000000000
