15 40 60
000000000000000000000000000000000000000000000000000000000000
000000100000100000000000000000000000000000000001000001000000
000000100000100000000000000000000000000000000001000001000000
000000110001100000000000000000000000000000000001100011000000
000000000000000000000000000000000000000000000000000000000000
001110011011001110000000000000000000000000011100110110011100
000010101010101000000000000000000000000000000101010101010000
000000110001100000000000000000000000000000000001100011000000
000000000000000000000000000000000000000000000000000000000000
000000110001100000000000000000000000000000000001100011000000
000010101010101000000000000000000000000000000101010101010000
001110011011001110000000000000000000000000011100110110011100
000000000000000000000000000000000000000000000000000000000000
000000110001100000000000000000000000000000000001100011000000
000000100000100000000000000000000000000000000001000001000000
000000100000100000000000000000000000000000000001000001000000
000000000000000000000000000000000000000000000000000000000000
000000000000000000000000000000000000000000000000000000000000
000000000000000000000000000000000000000000000000000000000000
000000000000000000000000000000000000000000000000000000000000
000000000000000000000000000000000000000000000000000000000000
000000000000000000000000000000000000000000000000000000000000
000000000000000000000000000000000000000000000000000000000000
000000000000000000000000000000000000000000000000000000000000
000001000001000000000000000000000000000000000001000001000000
000001000001000000000000000000000000000000000001000001000000
000001100011000000000000000000000000000000000001100011000000
000000000000000000000000000000000000000000000000000000000000
011100110110011100000000000000000000000000011100110110011100
000101010101010000000000000000000000000000000101010101010000
000001100011000000000000000000000000000000000001100011000000
000000000000000000000000000000000000000000000000000000000000
000001100011000000000000000000000000000000000001100011000000
000101010101010000000000000000000000000000000101010101010000
011100110110011100000000000000000000000000011100110110011100
000000000000000000000000000000000000000000000000000000000000
000001100011000000000000000000000000000000000001100011000000
000001000001000000000000000000000000000000000001000001000000
000001000001000000000000000000000000000000000001000001000000
000000000000000000000000000000000000000000000000000000000000
